Epoch	AverageEpRet	StdEpRet	MaxEpRet	MinEpRet	GoalReached	Collided	CriticallyCollided	AverageTestEpRet	StdTestEpRet	MaxTestEpRet	MinTestEpRet	EpLen	TestEpLen	TotalEnvInteracts	AverageQ1Vals	StdQ1Vals	MaxQ1Vals	MinQ1Vals	AverageQ2Vals	StdQ2Vals	MaxQ2Vals	MinQ2Vals	AverageLogPi	StdLogPi	MaxLogPi	MinLogPi	LossPi	LossQ	Time
0	-79.933334	31.117987	-8.0	-100.0	0.0	0.33333334	0.26666668	-100.0	0.0	-100.0	-100.0	78.933334	100.0	99	-0.3586149	0.1425489	0.10887505	-0.64645207	-0.36345646	0.13124499	0.019724794	-0.64909947	-4.095669	0.30802473	-1.9262991	-9.442009	-0.451204	0.023896504	605.7225573062897
1	-80.7	29.026598	-7.0	-100.0	0.0	0.36666667	0.26666668	-42.0	0.0	-42.0	-42.0	79.7	42.0	99	-0.955813	0.2337491	-0.44227085	-1.7258828	-0.95585746	0.23507379	-0.4397006	-1.709144	-4.0976467	0.2962781	-3.0434437	-9.453256	0.14603052	0.09191567	1225.8344321250916
2	-64.566666	33.85723	-10.0	-100.0	0.0	0.6	0.53333336	-20.0	0.0	-20.0	-20.0	63.566666	20.0	55	-1.6437749	0.3053176	-0.6073572	-2.8878942	-1.6436265	0.30874392	-0.586255	-2.9506605	-4.088107	0.33015093	-2.7143154	-8.570421	0.8428167	0.23061915	1738.1768245697021
3	-32.1	30.594498	-4.0	-100.0	0.0	0.9	0.73333335	-6.0	0.0	-6.0	-6.0	31.1	6.0	25	-2.1784327	0.52798134	-0.7024629	-4.1765933	-2.1786034	0.5321789	-0.6962111	-3.9996939	-4.030039	0.47569022	-1.5849514	-9.078094	1.3838581	0.3732066	2019.8871579170227
4	-22.633333	20.667984	-8.0	-100.0	0.0	0.96666664	0.8666667	-8.0	0.0	-8.0	-8.0	21.633333	8.0	9	-2.5613666	0.8676741	-0.5734955	-5.3593526	-2.5619078	0.8697557	-0.637733	-5.0829124	-3.939145	0.62483823	0.14173031	-11.231225	1.7698104	0.45678517	2236.7357320785522
5	-25.133333	23.433214	-6.0	-100.0	0.0	0.93333334	0.9	-8.0	0.0	-8.0	-8.0	24.133333	8.0	6	-2.8879488	1.2406826	-0.5038502	-6.1006374	-2.8882499	1.2406079	-0.48806775	-6.023624	-3.9167688	0.6531994	-0.041134357	-12.863812	2.116967	0.49033484	2473.9317581653595
6	-21.6	12.454183	-7.0	-56.0	0.0	1.0	0.8333333	-7.0	0.0	-7.0	-7.0	20.6	7.0	29	-3.1753297	1.5630863	-0.4766606	-7.2127166	-3.1753156	1.5631695	-0.44641632	-7.127217	-3.8630211	0.7122862	0.84342337	-11.066448	2.4090075	0.52514887	2685.5591473579407
7	-21.233334	12.327972	-6.0	-59.0	0.0	1.0	0.93333334	-7.0	0.0	-7.0	-7.0	20.233334	7.0	7	-3.3678374	1.8690388	-0.44552147	-8.117543	-3.3681133	1.8683645	-0.4169467	-8.167998	-3.7923744	0.77193236	-0.14640617	-11.726255	2.5946395	0.5352466	2894.240869283676
8	-27.066668	29.747757	-6.0	-100.0	0.0	0.8666667	0.8333333	-7.0	0.0	-7.0	-7.0	26.066668	7.0	10	-3.5269434	2.1504004	-0.38775006	-10.035818	-3.5269372	2.1496463	-0.4040534	-9.85694	-3.7335804	0.8173224	-0.6975465	-10.925414	2.7504861	0.525032	3144.575612306595
9	-25.2	26.273434	-6.0	-100.0	0.0	0.9	0.9	-8.0	0.0	-8.0	-8.0	24.2	8.0	9	-3.6885808	2.4165661	-0.3825924	-11.088117	-3.6884823	2.4163096	-0.37919593	-10.802212	-3.7209427	0.83545154	-0.50636244	-12.556068	2.9126048	0.54025316	3380.468872308731
10	-21.733334	18.987597	-6.0	-100.0	0.0	0.96666664	0.93333334	-7.0	0.0	-7.0	-7.0	20.733334	7.0	16	-3.7759278	2.654587	-0.3415873	-11.629731	-3.775702	2.6543517	-0.36547178	-11.672464	-3.6999283	0.85186595	-0.52578306	-11.829808	3.000953	0.513525	3594.654893398285
11	-26.866667	25.726423	-7.0	-100.0	0.0	0.9	0.9	-6.0	0.0	-6.0	-6.0	25.866667	6.0	26	-3.9017298	2.8845592	-0.33390337	-12.2316675	-3.9016838	2.8834884	-0.35092843	-12.134861	-3.6941688	0.8601408	1.766077	-10.257044	3.1345963	0.5274166	3842.1776847839355
12	-19.466667	22.39603	-6.0	-100.0	0.0	0.93333334	0.8666667	-4.0	0.0	-4.0	-4.0	18.466667	4.0	8	-3.9723897	3.065683	-0.3204556	-13.377401	-3.972399	3.0649495	-0.3051089	-12.908706	-3.6802583	0.8660162	1.2086773	-11.442613	3.205587	0.5093095	4037.796895265579
13	-23.2	26.141157	-7.0	-100.0	0.0	0.9	0.8	-7.0	0.0	-7.0	-7.0	22.2	7.0	8	-4.058718	3.2350857	-0.30918288	-13.6017475	-4.05929	3.2342107	-0.3012344	-13.627676	-3.6645555	0.8783834	0.75717354	-10.367447	3.2962773	0.50992256	4259.951619386673
14	-28.633333	30.518284	-7.0	-100.0	0.0	0.8666667	0.8	-6.0	0.0	-6.0	-6.0	27.633333	6.0	8	-4.131937	3.3492537	-0.30333415	-13.968839	-4.132004	3.3482814	-0.27355012	-13.935422	-3.6584313	0.8794024	1.3519378	-11.559461	3.3717172	0.49742916	4521.1508848667145
15	-16.133333	16.072199	-7.0	-100.0	0.0	0.96666664	0.93333334	-7.0	0.0	-7.0	-7.0	15.133333	7.0	7	-4.1747975	3.426673	-0.28023636	-14.41709	-4.1750917	3.4257421	-0.2836588	-14.487465	-3.6488554	0.87614256	0.32137203	-10.401561	3.4158757	0.505266	4695.187336921692
16	-13.466666	7.2605476	-6.0	-36.0	0.0	1.0	1.0	-6.0	0.0	-6.0	-6.0	12.466666	6.0	6	-4.2013507	3.5252185	-0.23326571	-14.945859	-4.201632	3.524541	-0.22587195	-14.655529	-3.6388009	0.89014584	0.35841942	-11.102636	3.4418156	0.49889532	4848.0332243442535
17	-14.8	16.799603	-6.0	-100.0	0.0	0.96666664	0.96666664	-5.0	0.0	-5.0	-5.0	13.8	5.0	10	-4.2141123	3.590761	-0.24859911	-15.30762	-4.214207	3.5897098	-0.23903625	-15.0732	-3.6259632	0.90457624	-0.34736443	-13.566341	3.453687	0.48867008	5013.573154211044
18	-14.366667	16.622238	-6.0	-100.0	0.0	0.96666664	0.9	-6.0	0.0	-6.0	-6.0	13.366667	6.0	9	-4.219382	3.6459117	-0.24668247	-15.213419	-4.2193117	3.6450272	-0.21474579	-15.207154	-3.616565	0.9042996	0.78604984	-11.182655	3.4578	0.46759248	5174.134347677231
19	-12.0	5.033223	-6.0	-23.0	0.0	1.0	0.9	-100.0	0.0	-100.0	-100.0	11.0	100.0	8	-4.2301655	3.6726706	-0.22793648	-15.62478	-4.2302613	3.6723838	-0.22950917	-15.628826	-3.6181376	0.9044209	0.45446587	-11.585205	3.4706998	0.46249643	5339.012666225433
20	-10.566667	4.4697747	-6.0	-24.0	0.0	1.0	0.93333334	-5.0	0.0	-5.0	-5.0	9.566667	5.0	23	-4.2249546	3.6801424	-0.24370019	-15.736555	-4.225461	3.6788568	-0.235718	-15.595798	-3.6123595	0.91619366	0.17207146	-13.842298	3.4659429	0.4609964	5473.847784996033
21	-10.7	4.450843	-4.0	-26.0	0.0	1.0	0.96666664	-6.0	0.0	-6.0	-6.0	9.7	6.0	11	-4.2014685	3.681117	-0.2322137	-15.72641	-4.2014422	3.6798968	-0.23970029	-15.899307	-3.6093078	0.91531384	0.40825176	-10.127338	3.4492671	0.465696	5608.403728485107
22	-11.066667	4.843782	-6.0	-24.0	0.0	1.0	1.0	-6.0	0.0	-6.0	-6.0	10.066667	6.0	17	-4.1963444	3.6752498	-0.22521608	-15.8100605	-4.1963544	3.6740708	-0.21179968	-15.64076	-3.6065795	0.9169583	0.89012814	-10.143549	3.4471436	0.46216887	5746.973070144653
23	-13.833333	16.496632	-6.0	-100.0	0.0	0.96666664	0.9	-5.0	0.0	-5.0	-5.0	12.833333	5.0	6	-4.190208	3.6787076	-0.21161154	-16.105686	-4.189974	3.677575	-0.18681161	-15.877451	-3.5998404	0.9206868	0.8818102	-13.131174	3.4372518	0.46378145	5902.687655448914
24	-19.066668	27.19428	-6.0	-100.0	0.0	0.9	0.9	-5.0	0.0	-5.0	-5.0	18.066668	5.0	12	-4.207573	3.6595025	-0.18878469	-15.826277	-4.2077217	3.6579576	-0.19768651	-15.914246	-3.5921583	0.92104125	0.5282116	-10.983656	3.4602442	0.46664572	6097.432371377945
25	-18.4	22.256983	-7.0	-100.0	0.0	0.93333334	0.9	-6.0	0.0	-6.0	-6.0	17.4	6.0	6	-4.207277	3.644524	-0.19441031	-15.667166	-4.207332	3.6426983	-0.18134582	-15.963139	-3.6032593	0.92408025	1.5324669	-10.60022	3.4678092	0.4834787	6286.133312702179
26	-12.066667	5.8419933	-1.0	-28.0	0.0	1.0	0.9	-100.0	0.0	-100.0	-100.0	11.066667	100.0	17	-4.2415657	3.6625934	-0.19339652	-15.933967	-4.2413955	3.6606734	-0.19014001	-16.03545	-3.6072843	0.91769737	0.884037	-13.531408	3.5023072	0.5045353	6451.667617082596
27	-16.066668	16.70316	-7.0	-100.0	0.0	0.96666664	0.9	-6.0	0.0	-6.0	-6.0	15.066667	6.0	18	-4.232888	3.6654437	-0.19470385	-15.806536	-4.2326865	3.6638772	-0.16169123	-15.735802	-3.6071687	0.91521984	1.623033	-9.995208	3.5003364	0.50798625	6624.876849412918
28	-16.8	16.567839	-6.0	-100.0	0.0	0.96666664	0.9	-6.0	0.0	-6.0	-6.0	15.8	6.0	13	-4.27077	3.6883476	-0.18357432	-16.279032	-4.2711644	3.686691	-0.17408697	-15.950486	-3.5992384	0.9233088	2.2065945	-11.93111	3.5406113	0.5170206	6803.085848808289
29	-18.9	20.5026	-6.0	-100.0	0.0	0.96666664	0.9	-4.0	0.0	-4.0	-4.0	17.9	4.0	7	-4.3073997	3.7077117	-0.14970551	-15.993258	-4.307596	3.7059748	-0.1642791	-15.789681	-3.6092114	0.9123785	4.111087	-11.650379	3.5866854	0.52661836	6995.22153377533
30	-16.233334	22.68727	-7.0	-100.0	0.0	0.93333334	0.8666667	-8.0	0.0	-8.0	-8.0	15.233334	8.0	7	-4.36951	3.7347105	-0.1557777	-16.037432	-4.369342	3.733307	-0.14867876	-15.800743	-3.6021469	0.9244262	0.49055004	-11.019956	3.6532784	0.560462	7170.131324529648
31	-14.366667	16.290045	-7.0	-100.0	0.0	0.96666664	0.8666667	-6.0	0.0	-6.0	-6.0	13.366667	6.0	10	-4.427267	3.7597888	-0.14271969	-16.021578	-4.42735	3.758273	-0.13494515	-15.877749	-3.6097543	0.91595834	1.1297436	-11.255314	3.7184968	0.58097196	7330.221900224686
32	-14.5	16.952385	-1.0	-100.0	0.0	0.96666664	0.8666667	-6.0	0.0	-6.0	-6.0	13.5	6.0	23	-4.485154	3.8114054	-0.13689108	-16.4007	-4.4849467	3.8105648	-0.13725066	-16.044456	-3.5979	0.9380263	3.6285448	-10.2912245	3.7830493	0.6061649	7493.546652793884
33	-25.833334	33.455524	-7.0	-100.0	0.0	0.8333333	0.8333333	-5.0	0.0	-5.0	-5.0	24.833334	5.0	16	-4.5783544	3.8423326	-0.13745344	-15.93103	-4.57838	3.8418005	-0.12852632	-16.03963	-3.6014204	0.94153285	7.646022	-10.246082	3.8872826	0.62430114	7734.851514339447
34	-19.666666	22.736658	-6.0	-100.0	0.0	0.93333334	0.8	-7.0	0.0	-7.0	-7.0	18.666666	7.0	31	-4.682696	3.8805313	-0.12530029	-16.048687	-4.682439	3.8795004	-0.12819067	-16.088163	-3.60437	0.9327907	8.5950985	-10.891865	4.007294	0.6532735	7933.152257680893
35	-19.1	22.31793	-7.0	-100.0	0.0	0.93333334	0.8666667	-12.0	0.0	-12.0	-12.0	18.1	12.0	7	-4.7784467	3.93801	-0.1207918	-16.350338	-4.778432	3.9368796	-0.11295444	-16.45557	-3.605553	0.9336649	2.7710867	-11.651973	4.109472	0.689406	8129.103530168533
36	-16.666666	11.172387	-8.0	-64.0	0.0	1.0	0.9	-7.0	0.0	-7.0	-7.0	15.666667	7.0	8	-4.8991623	4.0178523	-0.11275452	-16.170595	-4.899431	4.016621	-0.10047743	-16.251482	-3.5910761	0.95124817	4.5992203	-10.809378	4.2337008	0.7090819	8306.395548343658
37	-13.7	16.707582	-5.0	-100.0	0.0	0.96666664	0.9	-88.0	0.0	-88.0	-88.0	12.7	88.0	11	-4.964779	4.130161	-0.09134892	-16.360645	-4.9642406	4.1289496	-0.10013108	-16.26407	-3.571763	0.9871291	6.4604015	-12.716161	4.2989373	0.69888777	8480.67892074585
38	-14.6	6.216108	-6.0	-27.0	0.0	1.0	0.93333334	-6.0	0.0	-6.0	-6.0	13.6	6.0	8	-5.033223	4.249813	-0.08903207	-16.410856	-5.033552	4.2494526	-0.09809302	-16.538002	-3.5559583	1.0052392	4.0703235	-10.400322	4.3634906	0.7017965	8641.128672599792
39	-21.4	21.946299	-6.0	-100.0	0.0	0.93333334	0.93333334	-7.0	0.0	-7.0	-7.0	20.4	7.0	7	-5.0564938	4.363693	-0.116332054	-16.912054	-5.056473	4.3619	-0.09410634	-16.809938	-3.5205095	1.0307611	3.7683287	-10.359419	4.3779697	0.66749245	8849.613766670227
40	-17.1	7.4177713	-7.0	-30.0	0.0	1.0	0.93333334	-5.0	0.0	-5.0	-5.0	16.1	5.0	8	-5.05139	4.457545	-0.12606955	-17.437717	-5.0512376	4.4570537	-0.11336898	-17.110565	-3.4945545	1.0578634	7.632725	-10.860053	4.361347	0.6230099	9028.15437245369
41	-17.333334	17.203358	-6.0	-100.0	0.0	0.96666664	0.8666667	-6.0	0.0	-6.0	-6.0	16.333334	6.0	16	-5.0188613	4.5200567	-0.1077221	-17.589088	-5.018997	4.518829	-0.0873978	-17.29528	-3.486442	1.0606352	2.3757753	-12.140477	4.3254457	0.5657677	9208.497178554535
42	-15.533334	8.114733	-7.0	-42.0	0.0	1.0	0.96666664	-6.0	0.0	-6.0	-6.0	14.533334	6.0	18	-4.975669	4.5463815	-0.08237022	-17.587168	-4.975697	4.5459266	-0.043445386	-17.53308	-3.4585686	1.0740554	8.190577	-10.600591	4.2720246	0.5147818	9377.03871011734
43	-14.466666	16.528225	-5.0	-100.0	0.0	0.96666664	0.9	-6.0	0.0	-6.0	-6.0	13.466666	6.0	14	-4.931754	4.5528326	-0.09699753	-17.739132	-4.9319525	4.551972	-0.07092205	-17.823093	-3.4514856	1.0767331	2.5719957	-10.487806	4.2281346	0.492198	9538.945079803467
44	-10.566667	4.7517247	-5.0	-26.0	0.0	1.0	0.96666664	-5.0	0.0	-5.0	-5.0	9.566667	5.0	7	-4.861848	4.5162363	-0.086303666	-18.1418	-4.8616652	4.5155997	-0.05259203	-18.142971	-3.437212	1.0788329	1.865283	-10.6946945	4.1550455	0.46331802	9674.514524459839
45	-13.566667	16.361914	-6.0	-100.0	0.0	0.96666664	0.96666664	-5.0	0.0	-5.0	-5.0	12.566667	5.0	9	-4.823299	4.458133	-0.08299413	-18.399357	-4.8233933	4.4569488	-0.07237489	-18.212952	-3.4390547	1.0695928	1.9103069	-10.887516	4.1179914	0.46418238	9831.447218418121
46	-9.666667	3.571492	-5.0	-22.0	0.0	1.0	1.0	-7.0	0.0	-7.0	-7.0	8.666667	7.0	13	-4.7287064	4.36841	-0.0789053	-18.213684	-4.7290535	4.367752	-0.06770787	-18.359379	-3.4402833	1.0686985	1.8824997	-10.972279	4.0216217	0.44487712	9960.340045452118
47	-13.066667	16.701164	-1.0	-100.0	0.0	0.96666664	0.8666667	-6.0	0.0	-6.0	-6.0	12.066667	6.0	8	-4.678783	4.280771	-0.06826378	-18.2035	-4.6789556	4.279928	-0.06799507	-18.269882	-3.4373767	1.0670332	0.94236183	-10.507362	3.9740608	0.44725618	10115.33915090561
48	-16.5	22.688837	-6.0	-100.0	0.0	0.93333334	0.8	-6.0	0.0	-6.0	-6.0	15.5	6.0	8	-4.587321	4.1798234	-0.06854968	-18.682175	-4.5870957	4.1794243	-0.067692526	-18.346052	-3.4357028	1.0685885	1.1463957	-11.001164	3.877946	0.43301448	10292.869689702988
49	-10.133333	3.748185	-6.0	-20.0	0.0	1.0	0.96666664	-5.0	0.0	-5.0	-5.0	9.133333	5.0	8	-4.5277553	4.114105	-0.06914823	-18.642296	-4.5278344	4.1134224	-0.056409925	-18.251213	-3.4452176	1.0618095	1.716425	-10.624149	3.8236654	0.42262608	10423.743091106415
50	-13.733334	16.623142	-6.0	-100.0	0.0	0.96666664	0.96666664	-5.0	0.0	-5.0	-5.0	12.733334	5.0	7	-4.4843535	4.052635	-0.06533901	-18.27915	-4.484545	4.052332	-0.07109585	-18.063435	-3.4482064	1.0546131	1.0404387	-10.825331	3.7813034	0.42599338	10583.297311782837
51	-12.633333	4.750322	-6.0	-26.0	0.0	1.0	0.96666664	-7.0	0.0	-7.0	-7.0	11.633333	7.0	14	-4.4701667	4.022658	-0.05568854	-18.047089	-4.4698915	4.0215206	-0.056277953	-18.225384	-3.461131	1.0490533	1.1102238	-11.062158	3.7669954	0.41341493	10732.72871541977
52	-11.633333	4.4831786	-7.0	-27.0	0.0	1.0	0.96666664	-6.0	0.0	-6.0	-6.0	10.633333	6.0	15	-4.451686	4.0130353	-0.05770351	-18.16291	-4.4517875	4.012653	-0.05959852	-17.882969	-3.476828	1.0397085	1.2905493	-11.118401	3.7525606	0.4149086	10874.369353055954
53	-19.1	22.875532	-4.0	-100.0	0.0	0.93333334	0.9	-7.0	0.0	-7.0	-7.0	18.1	7.0	7	-4.452778	4.025987	-0.054721694	-18.265661	-4.4532866	4.0253754	-0.057321936	-17.937836	-3.4730635	1.0480341	1.38836	-11.424656	3.7550151	0.42273057	11069.036682128906
54	-15.3	17.330418	-6.0	-100.0	0.0	0.96666664	0.9	-7.0	0.0	-7.0	-7.0	14.3	7.0	8	-4.4860015	4.037669	-0.046641607	-17.973705	-4.4860344	4.036465	-0.051790427	-18.245691	-3.4987535	1.0285499	1.0182934	-10.677916	3.7906127	0.4154864	11235.916692018509
55	-13.8	16.52957	-6.0	-100.0	0.0	0.96666664	0.8666667	-6.0	0.0	-6.0	-6.0	12.8	6.0	17	-4.5069094	4.0627136	-0.054945618	-18.192919	-4.5066295	4.062162	-0.05633033	-18.047731	-3.497629	1.0250486	1.2691412	-11.503317	3.817688	0.447032	11393.203018665314
56	-14.0	6.57774	-7.0	-30.0	0.0	1.0	0.9	-100.0	0.0	-100.0	-100.0	13.0	100.0	7	-4.5238395	4.0876517	-0.044466905	-17.978556	-4.52382	4.0864167	-0.056722067	-18.002708	-3.4975328	1.027421	1.0146675	-12.685316	3.8335025	0.43234152	11573.176312923431
57	-23.3	30.315176	-4.0	-100.0	0.0	0.8666667	0.76666665	-6.0	0.0	-6.0	-6.0	22.3	6.0	15	-4.541495	4.1043916	-0.05900413	-18.185122	-4.541716	4.1030574	-0.06491407	-17.912296	-3.4907663	1.038581	2.2541132	-10.528847	3.85328	0.4466383	11799.401554584503
58	-15.1	16.900394	-1.0	-100.0	0.0	0.96666664	0.8666667	-7.0	0.0	-7.0	-7.0	14.1	7.0	5	-4.598387	4.1460476	-0.059231915	-18.333033	-4.5983763	4.14485	-0.059702285	-18.206152	-3.5078971	1.0181859	1.5183125	-10.7317095	3.9189217	0.462623	11966.505560874939
59	-18.1	22.435612	-7.0	-100.0	0.0	0.93333334	0.9	-5.0	0.0	-5.0	-5.0	17.1	5.0	19	-4.629659	4.181644	-0.053385474	-18.665613	-4.6299014	4.179561	-0.046783566	-18.385136	-3.4967806	1.0358664	1.6710739	-12.438707	3.950356	0.4844518	12154.792341947556
60	-14.366667	16.491379	-4.0	-100.0	0.0	0.96666664	0.96666664	-8.0	0.0	-8.0	-8.0	13.366667	8.0	17	-4.7063904	4.2406387	-0.060929175	-18.781998	-4.7063875	4.238469	-0.06587325	-18.625648	-3.5014222	1.0269153	1.4745378	-10.609359	4.031364	0.5005847	12317.386359453201
61	-20.666666	22.338806	-7.0	-100.0	0.0	0.93333334	0.9	-6.0	0.0	-6.0	-6.0	19.666666	6.0	8	-4.743856	4.2893424	-0.06871481	-18.39847	-4.7435794	4.2874007	-0.06777229	-18.34039	-3.5074263	1.0213051	9.0991335	-10.694634	4.072854	0.52370715	12523.242351293564
62	-24.966667	30.05493	-6.0	-100.0	0.0	0.8666667	0.8666667	-6.0	0.0	-6.0	-6.0	23.966667	6.0	9	-4.825649	4.347724	-0.073107116	-18.230484	-4.8261375	4.3451023	-0.06233189	-18.17415	-3.5204585	1.0123547	1.0903769	-10.342865	4.1659484	0.56755954	12758.715223550797
63	-21.433332	26.679184	-7.0	-100.0	0.0	0.9	0.8666667	-6.0	0.0	-6.0	-6.0	20.433332	6.0	7	-4.925618	4.411271	-0.076906875	-18.657108	-4.9256706	4.408249	-0.06239307	-18.295982	-3.5358663	1.0036091	0.99543667	-11.126652	4.2686296	0.5860913	12970.470760583878
64	-24.5	30.320234	-6.0	-100.0	0.0	0.8666667	0.8333333	-6.0	0.0	-6.0	-6.0	23.5	6.0	8	-5.008702	4.483209	-0.06491841	-18.48177	-5.008203	4.481065	-0.05995944	-18.411886	-3.5323274	1.0093421	1.7587872	-10.885508	4.362633	0.62955153	13204.416040420532
65	-19.833334	22.553762	-6.0	-100.0	0.0	0.93333334	0.9	-100.0	0.0	-100.0	-100.0	18.833334	100.0	7	-5.128633	4.5894604	-0.07943994	-18.68015	-5.12886	4.585855	-0.07407173	-18.545877	-3.535872	1.0015905	1.1233826	-10.641493	4.4846225	0.65381014	13426.046376943588
66	-23.3	26.67102	-6.0	-100.0	0.0	0.9	0.8666667	-4.0	0.0	-4.0	-4.0	22.3	4.0	24	-5.2668824	4.7087817	-0.0781657	-18.78984	-5.2665424	4.706767	-0.06888982	-18.838423	-3.5659733	0.97837186	0.7129955	-10.421035	4.636853	0.7037741	13648.99802494049
67	-23.066668	26.977688	-6.0	-100.0	0.0	0.9	0.73333335	-6.0	0.0	-6.0	-6.0	22.066668	6.0	18	-5.4191837	4.854401	-0.078448355	-18.52005	-5.4190526	4.850831	-0.078405544	-18.743357	-3.5678227	0.98565257	1.0158224	-11.530226	4.7982745	0.76185435	13871.07488489151
68	-17.433332	7.3288627	-6.0	-34.0	0.0	1.0	0.93333334	-6.0	0.0	-6.0	-6.0	16.433332	6.0	25	-5.592095	5.01738	-0.08207276	-19.20332	-5.5921636	5.014839	-0.07652609	-18.930307	-3.5448308	1.0071349	1.609685	-10.8773155	4.970682	0.8156799	14053.205513477325
69	-22.233334	18.091772	-6.0	-100.0	0.0	0.96666664	0.8	-8.0	0.0	-8.0	-8.0	21.233334	8.0	26	-5.6998057	5.1774316	-0.09063567	-19.3549	-5.6995745	5.1743417	-0.071947575	-19.00405	-3.529565	1.0245452	2.1668744	-11.501997	5.0788755	0.83135337	14268.777213335037
70	-25.166666	21.167717	-6.0	-100.0	0.0	0.93333334	0.8666667	-6.0	0.0	-6.0	-6.0	24.166666	6.0	16	-5.775085	5.337808	-0.099525824	-20.384214	-5.77572	5.3353105	-0.06554507	-20.316816	-3.5105603	1.0368258	1.9932728	-11.867971	5.144232	0.81768394	14505.764293193817
71	-24.833334	22.704014	-7.0	-100.0	0.0	0.93333334	0.8333333	-7.0	0.0	-7.0	-7.0	23.833334	7.0	26	-5.8353457	5.463162	-0.09657374	-20.577045	-5.83467	5.46068	-0.06891337	-20.30211	-3.4535046	1.0993354	3.7552814	-11.653986	5.189792	0.77202827	14741.726145267487
72	-23.333334	17.944977	-6.0	-100.0	0.0	0.96666664	0.8666667	-7.0	0.0	-7.0	-7.0	22.333334	7.0	24	-5.839989	5.535622	-0.08796777	-22.134293	-5.8396034	5.53411	-0.06298131	-22.234928	-3.4236262	1.1300007	4.3317018	-12.592003	5.181749	0.6691283	14964.803824663162
73	-17.033333	10.451422	-6.0	-43.0	0.0	1.0	0.96666664	-7.0	0.0	-7.0	-7.0	16.033333	7.0	12	-5.83964	5.6028123	-0.08854602	-23.82099	-5.8401113	5.6018467	-0.063387096	-23.906584	-3.4026837	1.1425927	3.3644109	-13.088978	5.1767764	0.6093724	15144.674724578857
74	-22.6	17.499716	-7.0	-100.0	0.0	0.96666664	0.8333333	-6.0	0.0	-6.0	-6.0	21.6	6.0	8	-5.8378086	5.6600056	-0.08660056	-24.083359	-5.837745	5.6590867	-0.058504015	-25.26576	-3.403621	1.1370574	3.8437204	-11.165222	5.1781697	0.5927423	15364.332025527954
75	-19.866667	19.355848	-6.0	-100.0	0.0	0.96666664	0.96666664	-6.0	0.0	-6.0	-6.0	18.866667	6.0	18	-5.7871265	5.653762	-0.077774	-25.69436	-5.7867556	5.652504	-0.06470169	-25.30691	-3.373301	1.1496255	5.0813313	-11.298585	5.1201677	0.5578776	15565.197330474854
76	-14.633333	16.408298	-6.0	-100.0	0.0	0.96666664	0.9	-4.0	0.0	-4.0	-4.0	13.633333	4.0	7	-5.73844	5.627614	-0.07870023	-26.23821	-5.738005	5.626776	-0.06349228	-26.912788	-3.3619196	1.1387655	3.2857018	-10.395958	5.0751524	0.56248456	15729.692637681961
77	-16.633333	17.096748	-5.0	-100.0	0.0	0.96666664	0.93333334	-5.0	0.0	-5.0	-5.0	15.633333	5.0	8	-5.639518	5.541694	-0.07395166	-26.410505	-5.6397824	5.541064	-0.045059696	-26.803476	-3.3586955	1.1326945	4.976153	-10.961249	4.978528	0.5398675	15907.104130983353
78	-16.966667	22.389706	-7.0	-100.0	0.0	0.93333334	0.93333334	-5.0	0.0	-5.0	-5.0	15.966666	5.0	10	-5.5751963	5.4576387	-0.0755584	-26.563457	-5.5748277	5.45537	-0.053606316	-27.102036	-3.376798	1.1185957	2.046978	-12.057023	4.9188123	0.5586457	16086.467606067657
79	-12.266666	5.2784677	-6.0	-24.0	0.0	1.0	0.96666664	-5.0	0.0	-5.0	-5.0	11.266666	5.0	12	-5.5297894	5.378555	-0.06387594	-26.553541	-5.5296445	5.376917	-0.05382116	-26.072868	-3.3699932	1.1120329	1.484848	-12.620596	4.8750753	0.5237347	16235.064643383026
80	-17.4	22.744375	-6.0	-100.0	0.0	0.93333334	0.9	-5.0	0.0	-5.0	-5.0	16.4	5.0	6	-5.546966	5.3352094	-0.06594493	-28.348156	-5.5472345	5.334473	-0.050442927	-27.887436	-3.3758388	1.1092792	1.7975731	-10.346855	4.8895187	0.5467717	16417.75261569023
81	-13.266666	16.673199	-6.0	-100.0	0.0	0.96666664	0.8666667	-100.0	0.0	-100.0	-100.0	12.266666	100.0	6	-5.48732	5.2810583	-0.06749345	-26.393616	-5.487072	5.2800546	-0.04185635	-25.890242	-3.381021	1.1101061	1.9097028	-10.218783	4.8303638	0.5376056	16593.139330625534
82	-20.066668	27.112032	-6.0	-100.0	0.0	0.9	0.8333333	-7.0	0.0	-7.0	-7.0	19.066668	7.0	6	-5.465005	5.2551384	-0.06760237	-26.875597	-5.465257	5.252727	-0.04603164	-27.880196	-3.4028416	1.0978826	1.5385628	-11.906943	4.8142138	0.55054086	16796.703607559204
83	-14.666667	16.591833	-6.0	-100.0	0.0	0.96666664	0.96666664	-35.0	0.0	-35.0	-35.0	13.666667	35.0	17	-5.5303636	5.3020163	-0.07156509	-31.566952	-5.5303555	5.3007555	-0.056480244	-29.165297	-3.420869	1.0872841	1.9804249	-11.246515	4.8933845	0.6014668	16965.54487967491
84	-16.3	10.415213	-7.0	-55.0	0.0	1.0	0.96666664	-6.0	0.0	-6.0	-6.0	15.3	6.0	15	-5.5547533	5.3431096	-0.07177672	-29.164999	-5.5547976	5.3422036	-0.03964834	-28.40414	-3.4460235	1.0689651	1.1170697	-11.392983	4.9128685	0.60239756	17139.424998521805
85	-14.066667	7.334545	-6.0	-34.0	0.0	1.0	0.93333334	-7.0	0.0	-7.0	-7.0	13.066667	7.0	22	-5.635122	5.4435015	-0.072619036	-28.023502	-5.6352773	5.443107	-0.056772232	-28.263954	-3.463224	1.0676244	1.3516111	-10.391004	5.0070257	0.611292	17301.268137454987
86	-22.4	22.168446	-7.0	-100.0	0.0	0.93333334	0.8666667	-7.0	0.0	-7.0	-7.0	21.4	7.0	33	-5.7762084	5.594422	-0.06878407	-26.583475	-5.7758827	5.592591	-0.047548108	-27.295395	-3.4688053	1.0692588	1.7871709	-12.230884	5.149692	0.6399008	17519.358582258224
87	-27.3	23.279676	-6.0	-100.0	0.0	0.93333334	0.8666667	-6.0	0.0	-6.0	-6.0	26.3	6.0	7	-5.8772125	5.7625594	-0.07476449	-25.180841	-5.8773165	5.7608337	-0.062504336	-25.070288	-3.4829342	1.056977	1.5778604	-10.692661	5.263652	0.7442915	17770.265384197235
88	-23.0	19.560163	-7.0	-100.0	0.0	0.96666664	0.93333334	-8.0	0.0	-8.0	-8.0	22.0	8.0	8	-5.99451	5.9585166	-0.07275527	-25.800734	-5.994654	5.9591546	-0.058774546	-26.882048	-3.4960258	1.0563396	2.4041634	-11.461032	5.385534	0.7765855	17991.43418765068
89	-41.1	33.35501	-7.0	-100.0	0.0	0.8	0.8	-12.0	0.0	-12.0	-12.0	40.1	12.0	85	-6.1935267	6.2071247	-0.07904818	-26.229465	-6.194177	6.205097	-0.084081106	-25.740799	-3.5148447	1.0477144	2.408681	-11.705177	5.599645	0.8506704	18339.04931998253
90	-56.133335	30.201252	-8.0	-100.0	0.0	0.8333333	0.76666665	-25.0	0.0	-25.0	-25.0	55.133335	25.0	27	-6.390497	6.4767547	-0.0787407	-25.34269	-6.390701	6.473846	-0.088006206	-25.69884	-3.5255518	1.0422295	1.5528994	-12.015418	5.797165	0.938062	18797.159298419952
91	-66.76667	35.293705	-8.0	-100.0	0.0	0.53333336	0.46666667	-100.0	0.0	-100.0	-100.0	65.76667	100.0	40	-6.5692983	6.7208943	-0.08659945	-27.093328	-6.5695767	6.718745	-0.09892735	-27.224154	-3.512852	1.053576	2.104116	-13.927576	5.978032	0.9771114	19345.046261787415
92	-79.933334	31.39526	-9.0	-100.0	0.0	0.36666667	0.33333334	-53.0	0.0	-53.0	-53.0	78.933334	53.0	99	-6.828445	6.9976845	-0.0922093	-28.530659	-6.828584	6.994587	-0.09820865	-27.634136	-3.524501	1.042218	2.2244244	-10.338309	6.260655	1.1504139	19973.213525533676
93	-83.433334	27.268644	-9.0	-100.0	0.0	0.33333334	0.26666668	-100.0	0.0	-100.0	-100.0	82.433334	100.0	99	-7.009214	7.204189	-0.092694916	-29.36178	-7.0089235	7.20215	-0.10270608	-28.875877	-3.5140243	1.0496042	1.8811407	-11.138199	6.433839	1.1375804	20637.15320444107
94	-84.2	26.327932	-11.0	-100.0	0.0	0.36666667	0.26666668	-100.0	0.0	-100.0	-100.0	83.2	100.0	99	-7.2241282	7.4390726	-0.103351474	-31.182522	-7.224035	7.4338846	-0.098344624	-30.726576	-3.5097928	1.0542313	3.4786777	-11.505276	6.6527143	1.2622185	21306.01597547531
95	-87.333336	24.504877	-11.0	-100.0	0.0	0.3	0.16666667	-61.0	0.0	-61.0	-61.0	86.333336	61.0	99	-7.3707232	7.664175	-0.10512421	-33.26708	-7.3712587	7.658652	-0.08987498	-32.8673	-3.4627779	1.0870706	2.2496881	-10.889909	6.799515	1.2522264	21989.016833782196
96	-89.86667	22.308046	-10.0	-100.0	0.0	0.23333333	0.16666667	-58.0	0.0	-58.0	-58.0	88.86667	58.0	57	-7.557851	7.858555	-0.10558745	-34.58581	-7.5577717	7.8585377	-0.09356372	-35.33885	-3.4466574	1.1036507	2.9214768	-12.01758	6.9948325	1.4913743	22692.79450559616
97	-81.1	31.024023	-7.0	-100.0	0.0	0.36666667	0.26666668	-48.0	0.0	-48.0	-48.0	80.1	48.0	75	-7.689316	8.0099945	-0.10222877	-36.51484	-7.688349	8.004697	-0.09047277	-36.20883	-3.4700317	1.0955603	2.3823023	-11.022191	7.125328	1.6237545	23327.496099472046
98	-88.1	23.441204	-9.0	-100.0	0.0	0.26666668	0.2	-48.0	0.0	-48.0	-48.0	87.1	48.0	43	-7.801268	8.117896	-0.10557107	-36.88301	-7.802694	8.115216	-0.08960167	-36.663437	-3.4338298	1.121673	2.7647052	-10.756989	7.2228937	1.4515911	24017.95605492592
99	-77.03333	31.103573	-7.0	-100.0	0.0	0.5	0.4	-100.0	0.0	-100.0	-100.0	76.03333	100.0	59	-7.907693	8.199963	-0.10815019	-37.98873	-7.907897	8.199045	-0.07789742	-38.689804	-3.4569237	1.1031822	2.8879657	-10.201796	7.3631234	1.6644729	24638.402981042862
100	-83.46667	25.92005	-14.0	-100.0	0.0	0.33333334	0.23333333	-48.0	0.0	-48.0	-48.0	82.46667	48.0	99	-8.029145	8.329134	-0.11916433	-39.530766	-8.029161	8.328605	-0.10761609	-40.26309	-3.4127295	1.1256577	3.1679645	-12.220306	7.470848	1.6507791	25291.959156274796
101	-85.63333	30.563032	-8.0	-100.0	0.0	0.26666668	0.23333333	-70.0	0.0	-70.0	-70.0	84.63333	70.0	81	-8.110519	8.397916	-0.1262514	-39.90072	-8.110925	8.398303	-0.088489085	-41.044365	-3.4154017	1.1309913	2.7480187	-10.436316	7.5598836	1.6585774	25966.88654732704
102	-91.86667	19.010057	-19.0	-100.0	0.0	0.2	0.0	-45.0	0.0	-45.0	-45.0	90.86667	45.0	99	-8.196412	8.4724455	-0.12032059	-41.484516	-8.195532	8.465479	-0.098062165	-41.52672	-3.422873	1.1266809	2.289115	-10.752498	7.6569257	1.8875505	26680.232095003128
103	-92.03333	20.123755	-9.0	-100.0	0.0	0.2	0.1	-59.0	0.0	-59.0	-59.0	91.03333	59.0	99	-8.210281	8.538556	-0.11669806	-45.02204	-8.210623	8.536408	-0.110457	-42.975876	-3.3575404	1.193251	3.7625113	-13.42366	7.645612	1.903868	27397.54095697403
104	-88.36667	23.996504	-14.0	-100.0	0.0	0.3	0.16666667	-100.0	0.0	-100.0	-100.0	87.36667	100.0	16	-8.200847	8.5887785	-0.13085653	-43.797764	-8.201214	8.585951	-0.11054919	-45.355938	-3.352854	1.1983968	2.8318586	-10.832802	7.618833	1.7687138	28096.256959676743
105	-87.833336	24.653711	-9.0	-100.0	0.0	0.26666668	0.16666667	-62.0	0.0	-62.0	-62.0	86.833336	62.0	99	-8.174169	8.651858	-0.13996325	-45.739853	-8.17492	8.644895	-0.10591925	-46.0249	-3.334906	1.2130107	3.1084132	-11.078988	7.5738664	1.5437598	28786.349999666214
106	-83.9	28.113281	-9.0	-100.0	0.0	0.3	0.1	-100.0	0.0	-100.0	-100.0	82.9	100.0	69	-8.126373	8.667346	-0.14498907	-44.51666	-8.12517	8.664205	-0.10272636	-45.0368	-3.3555734	1.19223	4.0928917	-11.9592495	7.5316014	1.7013949	29455.905908823013
107	-88.4	27.186518	-8.0	-100.0	0.0	0.2	0.13333334	-100.0	0.0	-100.0	-100.0	87.4	100.0	99	-8.088482	8.6777	-0.13068938	-46.620968	-8.088734	8.675964	-0.10752853	-45.992283	-3.3169203	1.2219449	3.9531965	-11.1157875	7.4715257	1.6975577	30151.444563627243
108	-90.13333	25.143234	-8.0	-100.0	0.0	0.2	0.1	-100.0	0.0	-100.0	-100.0	89.13333	100.0	36	-8.010352	8.708939	-0.13715291	-46.732475	-8.009416	8.703888	-0.109223306	-47.862423	-3.3397708	1.199761	4.956073	-10.666821	7.3792205	1.5491288	30862.60688328743
109	-86.5	29.364094	-7.0	-100.0	0.0	0.26666668	0.13333334	-100.0	0.0	-100.0	-100.0	85.5	100.0	99	-8.031572	8.704825	-0.1332151	-48.678947	-8.032497	8.70291	-0.105431765	-48.407692	-3.3743842	1.1746632	4.9357967	-12.495235	7.411337	1.4378533	31549.91991710663
110	-83.6	28.249603	-7.0	-100.0	0.0	0.3	0.26666668	-78.0	0.0	-78.0	-78.0	82.6	78.0	99	-7.9559913	8.662066	-0.13307357	-48.228767	-7.955957	8.66711	-0.09874357	-48.8301	-3.3882494	1.17071	4.9462895	-12.013828	7.3373456	1.487269	32211.63369822502
111	-83.63333	29.55614	-8.0	-100.0	0.0	0.26666668	0.26666668	-54.0	0.0	-54.0	-54.0	82.63333	54.0	99	-7.9378915	8.618003	-0.14063947	-47.09129	-7.938535	8.614766	-0.11520477	-47.499664	-3.3771317	1.1800879	3.9797783	-12.536588	7.3190975	1.4100875	32866.79874777794
112	-73.9	34.492855	-8.0	-100.0	0.0	0.46666667	0.33333334	-87.0	0.0	-87.0	-87.0	72.9	87.0	58	-7.9370255	8.586043	-0.1446538	-44.733562	-7.93659	8.587985	-0.09443767	-44.494293	-3.34617	1.2029865	4.17906	-11.471901	7.28596	1.0935268	33460.032369852066
113	-74.666664	30.819185	-9.0	-100.0	0.0	0.5	0.4	-93.0	0.0	-93.0	-93.0	73.666664	93.0	99	-7.900446	8.479913	-0.13890614	-42.983982	-7.8999267	8.476651	-0.10650324	-45.48822	-3.384154	1.1695014	4.5691686	-12.523348	7.264181	1.1415145	34059.82829618454
114	-90.13333	21.987473	-9.0	-100.0	0.0	0.26666668	0.13333334	-100.0	0.0	-100.0	-100.0	89.13333	100.0	99	-7.86327	8.455271	-0.13913183	-41.864864	-7.86347	8.452393	-0.100014865	-41.333797	-3.3577063	1.1929592	4.2597165	-10.9219	7.233001	1.2274146	34762.916088581085
115	-81.86667	30.185797	-8.0	-100.0	0.0	0.3	0.26666668	-100.0	0.0	-100.0	-100.0	80.86667	100.0	99	-7.842072	8.47261	-0.12648699	-39.42594	-7.8411403	8.467475	-0.110172346	-40.74466	-3.3904378	1.1622449	4.7085285	-11.064124	7.200647	1.1357428	35417.20162463188
116	-91.933334	21.705505	-8.0	-100.0	0.0	0.13333334	0.1	-19.0	0.0	-19.0	-19.0	90.933334	19.0	99	-7.859305	8.470902	-0.122501545	-39.8723	-7.859815	8.4663105	-0.09944433	-39.224827	-3.3694894	1.1771458	4.6907883	-11.16284	7.201813	0.9888802	36120.6112613678
117	-91.333336	23.461079	-9.0	-100.0	0.0	0.13333334	0.1	-100.0	0.0	-100.0	-100.0	90.333336	100.0	99	-7.807934	8.427867	-0.119732976	-41.02083	-7.80864	8.427077	-0.100922644	-39.84957	-3.411882	1.1446941	4.514229	-11.077294	7.180183	1.1321343	36830.156859874725
118	-95.13333	16.439249	-19.0	-100.0	0.0	0.1	0.06666667	-100.0	0.0	-100.0	-100.0	94.13333	100.0	99	-7.8156114	8.412123	-0.12332242	-40.636124	-7.8158917	8.415565	-0.09609009	-39.29081	-3.3859925	1.1663597	2.809197	-11.115548	7.158188	1.0027609	37571.385696172714
119	-89.73333	24.298056	-10.0	-100.0	0.0	0.16666667	0.16666667	-73.0	0.0	-73.0	-73.0	88.73333	73.0	99	-7.8026905	8.391889	-0.1265458	-40.443363	-7.802116	8.388534	-0.0899529	-39.418106	-3.3861437	1.1627643	3.415616	-11.198393	7.1521063	1.0448833	38268.99315714836
120	-94.46667	20.806623	-9.0	-100.0	0.0	0.06666667	0.06666667	-100.0	0.0	-100.0	-100.0	93.46667	100.0	99	-7.8133025	8.398397	-0.13153659	-38.727646	-7.8138695	8.395126	-0.08833675	-39.056683	-3.4009433	1.1502153	4.5131845	-11.89577	7.1749477	1.0778301	39004.01137948036
121	-92.0	17.88668	-41.0	-100.0	0.0	0.2	0.13333334	-59.0	0.0	-59.0	-59.0	91.0	59.0	76	-7.8320875	8.410376	-0.12152561	-39.496387	-7.8320966	8.407781	-0.074735865	-39.290253	-3.3657746	1.1776665	3.3497334	-11.094259	7.1547413	0.8157125	39714.18228459358
122	-85.63333	27.847778	-9.0	-100.0	0.0	0.23333333	0.2	-100.0	0.0	-100.0	-100.0	84.63333	100.0	99	-7.842663	8.413833	-0.1224775	-38.406906	-7.8436694	8.419493	-0.07598694	-38.19368	-3.375683	1.1704818	3.4578404	-10.318976	7.190342	0.9567507	40387.41511511803
123	-88.1	25.415676	-8.0	-100.0	0.0	0.26666668	0.16666667	-100.0	0.0	-100.0	-100.0	87.1	100.0	99	-7.8580265	8.422167	-0.119602785	-39.12854	-7.8568463	8.422468	-0.07604399	-38.219906	-3.4066243	1.15465	3.98526	-11.951686	7.208882	1.0064783	41078.45009851456
124	-98.433334	7.898031	-56.0	-100.0	0.0	0.06666667	0.0	-100.0	0.0	-100.0	-100.0	97.433334	100.0	99	-7.804519	8.363703	-0.12247217	-38.400196	-7.8046117	8.361656	-0.07691684	-38.573963	-3.3987837	1.1537457	3.6191468	-10.677314	7.1453223	0.92671365	41843.50479388237
125	-81.36667	33.850143	-7.0	-100.0	0.0	0.26666668	0.23333333	-100.0	0.0	-100.0	-100.0	80.36667	100.0	99	-7.822871	8.373262	-0.118268564	-38.779022	-7.821796	8.366719	-0.07614289	-37.90112	-3.3891208	1.1667699	3.131979	-11.109852	7.1640673	0.90655804	42489.81313419342
126	-85.13333	26.452139	-10.0	-100.0	0.0	0.3	0.13333334	-100.0	0.0	-100.0	-100.0	84.13333	100.0	99	-7.810701	8.357655	-0.11565229	-39.164646	-7.811062	8.360397	-0.08364427	-37.902233	-3.377268	1.1699165	3.0860448	-11.166643	7.13701	0.82732064	43157.89665102959
127	-89.73333	24.680536	-9.0	-100.0	0.0	0.16666667	0.13333334	-100.0	0.0	-100.0	-100.0	88.73333	100.0	99	-7.8220615	8.3181715	-0.11404276	-37.64626	-7.8218107	8.317066	-0.07605538	-38.136826	-3.3893695	1.1623361	4.369375	-12.566608	7.168306	0.9053955	43857.229279756546
128	-85.4	30.143658	-8.0	-100.0	0.0	0.26666668	0.2	-100.0	0.0	-100.0	-100.0	84.4	100.0	99	-7.734479	8.308502	-0.13575351	-37.90742	-7.7348585	8.307278	-0.09856962	-37.554657	-3.4011424	1.1638128	3.0468025	-10.923894	7.0689573	0.82276905	44529.452040433884
129	-85.53333	27.455095	-9.0	-100.0	0.0	0.26666668	0.16666667	-100.0	0.0	-100.0	-100.0	84.53333	100.0	99	-7.790515	8.3174715	-0.13258678	-37.91611	-7.7905955	8.315414	-0.0801235	-36.700073	-3.4049292	1.1596326	2.9799404	-9.821112	7.139381	0.9436209	45204.459620952606
130	-80.13333	35.607803	-7.0	-100.0	0.0	0.3	0.2	-100.0	0.0	-100.0	-100.0	79.13333	100.0	99	-7.7805624	8.360661	-0.12515114	-38.290894	-7.779839	8.356756	-0.09088071	-37.76141	-3.3777375	1.1733292	3.50589	-11.052095	7.115703	0.87262464	45842.200597286224
131	-91.73333	22.485453	-9.0	-100.0	0.0	0.16666667	0.1	-100.0	0.0	-100.0	-100.0	90.73333	100.0	99	-7.8035483	8.372237	-0.11689016	-38.760204	-7.803415	8.372455	-0.100293055	-37.619625	-3.3631763	1.1836469	5.067392	-11.217096	7.1209064	0.8263189	46562.29830288887
132	-90.566666	20.099228	-25.0	-100.0	0.0	0.2	0.13333334	-100.0	0.0	-100.0	-100.0	89.566666	100.0	99	-7.7185645	8.3519745	-0.112573534	-37.617134	-7.7182226	8.350971	-0.08551943	-39.31051	-3.3300188	1.2056808	3.1187239	-11.209028	7.0229263	0.778343	47267.470326423645
133	-89.46667	25.075531	-9.0	-100.0	0.0	0.16666667	0.1	-100.0	0.0	-100.0	-100.0	88.46667	100.0	99	-7.7360377	8.318016	-0.11167675	-38.98143	-7.736677	8.315959	-0.07953864	-37.85924	-3.3866615	1.1612289	2.9221373	-13.499964	7.0632567	0.9497579	47960.630947589874
134	-94.9	17.09649	-25.0	-100.0	0.0	0.1	0.06666667	-100.0	0.0	-100.0	-100.0	93.9	100.0	99	-7.7468743	8.327088	-0.12270115	-38.30443	-7.7461123	8.328127	-0.08703971	-38.128967	-3.358288	1.1907364	4.8722	-10.763117	7.0638275	0.8344246	48698.81210517883
135	-96.23333	12.669343	-42.0	-100.0	0.0	0.1	0.0	-65.0	0.0	-65.0	-65.0	95.23333	65.0	99	-7.737178	8.324521	-0.12949036	-38.871387	-7.7374406	8.324247	-0.08847614	-37.86245	-3.3721688	1.1798803	3.288093	-10.546012	7.0524526	0.7769177	49444.58339262009
136	-86.933334	26.871218	-10.0	-100.0	0.0	0.23333333	0.1	-100.0	0.0	-100.0	-100.0	85.933334	100.0	99	-7.7568016	8.32615	-0.121488854	-38.91518	-7.7570305	8.324784	-0.07841046	-38.21979	-3.3643396	1.1815021	3.8349934	-11.102778	7.069458	0.77277845	50133.32520079613
137	-85.8	29.873514	-6.0	-100.0	0.0	0.2	0.2	-100.0	0.0	-100.0	-100.0	84.8	100.0	99	-7.7236614	8.283818	-0.11922453	-40.214912	-7.7239013	8.285319	-0.06938276	-38.616867	-3.346894	1.1975046	2.6596928	-12.076845	7.031748	0.70607495	50807.80509471893
138	-92.3	19.176636	-22.0	-100.0	0.0	0.16666667	0.13333334	-65.0	0.0	-65.0	-65.0	91.3	65.0	99	-7.7336106	8.29431	-0.12520172	-36.784798	-7.7324204	8.291689	-0.08061613	-37.24198	-3.3859563	1.173917	3.5818548	-10.561818	7.0575976	0.81628853	51523.806985378265
139	-90.8	18.847456	-38.0	-100.0	0.0	0.26666668	0.13333334	-100.0	0.0	-100.0	-100.0	89.8	100.0	99	-7.674107	8.241259	-0.12824145	-36.890022	-7.6752386	8.244194	-0.075370684	-35.99856	-3.3844264	1.1692551	2.5367956	-11.999651	6.9792643	0.69419706	52234.96735620499
140	-88.833336	26.7134	-10.0	-100.0	0.0	0.16666667	0.13333334	-100.0	0.0	-100.0	-100.0	87.833336	100.0	99	-7.685599	8.245273	-0.11672281	-36.585175	-7.685866	8.2449665	-0.06700452	-36.177277	-3.3697407	1.1766552	2.6440053	-11.813581	6.992543	0.7163216	52933.05421566963
141	-88.166664	25.829031	-15.0	-100.0	0.0	0.23333333	0.16666667	-100.0	0.0	-100.0	-100.0	87.166664	100.0	99	-7.6781616	8.239451	-0.116624326	-37.198044	-7.6779404	8.23733	-0.06979169	-36.199364	-3.3925314	1.1597941	2.0814366	-10.3543215	6.998173	0.73648334	53617.871262550354
142	-92.3	23.14181	-8.0	-100.0	0.0	0.16666667	0.06666667	-100.0	0.0	-100.0	-100.0	91.3	100.0	99	-7.67616	8.218126	-0.119704634	-35.741173	-7.675809	8.220215	-0.07911602	-36.36999	-3.383322	1.1673161	4.9623623	-10.727926	6.975884	0.6561234	54335.32855129242
143	-86.03333	29.110691	-9.0	-100.0	0.0	0.23333333	0.16666667	-100.0	0.0	-100.0	-100.0	85.03333	100.0	99	-7.711269	8.235851	-0.12407628	-36.933815	-7.711223	8.236528	-0.07041162	-36.5862	-3.3736916	1.1831472	3.7904596	-11.160669	7.017796	0.6840521	55014.11262512207
144	-76.73333	34.752396	-8.0	-100.0	0.0	0.33333334	0.23333333	-100.0	0.0	-100.0	-100.0	75.73333	100.0	99	-7.6860733	8.229429	-0.12140897	-36.235954	-7.685586	8.226766	-0.06678237	-35.330624	-3.3686254	1.1749431	3.556562	-11.170124	6.995526	0.7144234	55629.395149707794
145	-91.03333	26.420298	-8.0	-100.0	0.0	0.13333334	0.1	-100.0	0.0	-100.0	-100.0	90.03333	100.0	99	-7.683974	8.238446	-0.12086043	-36.20103	-7.684536	8.237727	-0.06337696	-35.869324	-3.3651283	1.1839434	3.653511	-11.500946	6.981473	0.6118818	56331.683064222336
146	-84.73333	30.828484	-7.0	-100.0	0.0	0.23333333	0.16666667	-100.0	0.0	-100.0	-100.0	83.73333	100.0	99	-7.6500554	8.241516	-0.115307376	-36.494267	-7.649817	8.2414665	-0.060618386	-37.308365	-3.375403	1.1746478	2.6244936	-10.700381	6.96611	0.76193166	56993.68022584915
147	-87.86667	26.54648	-10.0	-100.0	0.0	0.2	0.16666667	-100.0	0.0	-100.0	-100.0	86.86667	100.0	55	-7.591818	8.233052	-0.11995213	-36.29222	-7.591306	8.233398	-0.057858005	-36.347347	-3.3716393	1.181376	4.224968	-10.793633	6.891393	0.64314073	57675.486649513245
148	-82.13333	32.237385	-8.0	-100.0	0.0	0.3	0.13333334	-100.0	0.0	-100.0	-100.0	81.13333	100.0	36	-7.6426344	8.228248	-0.11296554	-36.263355	-7.6428375	8.22905	-0.070882276	-35.708168	-3.3772511	1.1766593	3.5125504	-11.080229	6.9440284	0.6148845	58324.1166536808
149	-94.63333	19.222351	-8.0	-100.0	0.0	0.1	0.06666667	-100.0	0.0	-100.0	-100.0	93.63333	100.0	99	-7.6608644	8.238338	-0.12355445	-36.21427	-7.6604004	8.235698	-0.07618822	-35.45337	-3.394113	1.162344	3.9655128	-10.179539	6.9593377	0.66918814	59046.1760122776
150	-88.3	26.261698	-10.0	-100.0	0.0	0.2	0.16666667	-100.0	0.0	-100.0	-100.0	87.3	100.0	59	-7.6615624	8.229773	-0.10373244	-34.966194	-7.6616006	8.227718	-0.0674164	-35.683598	-3.3651795	1.185224	3.5288768	-10.778102	6.956465	0.5596293	59738.0367500782
151	-96.3	16.603516	-9.0	-100.0	0.0	0.06666667	0.0	-100.0	0.0	-100.0	-100.0	95.3	100.0	99	-7.646436	8.219322	-0.115650326	-35.191223	-7.6462035	8.222083	-0.065892905	-35.44825	-3.3788342	1.1781635	2.2500615	-10.951967	6.9478655	0.67307925	60487.38609337807
152	-89.23333	27.766506	-8.0	-100.0	0.0	0.16666667	0.16666667	-100.0	0.0	-100.0	-100.0	88.23333	100.0	8	-7.640467	8.24109	-0.10695292	-35.4652	-7.640419	8.23863	-0.07125093	-34.64929	-3.3786218	1.1725569	3.1033006	-11.209154	6.9329233	0.6180126	61179.89105343819
153	-95.0	16.089334	-24.0	-100.0	0.0	0.1	0.033333335	-100.0	0.0	-100.0	-100.0	94.0	100.0	99	-7.634972	8.260943	-0.10938276	-35.496696	-7.635011	8.259895	-0.047097176	-35.2652	-3.375951	1.1748586	2.294293	-11.059731	6.936261	0.6786807	61920.771263837814
154	-95.166664	14.1399765	-36.0	-100.0	0.0	0.13333334	0.033333335	-100.0	0.0	-100.0	-100.0	94.166664	100.0	99	-7.6346736	8.242248	-0.1089261	-35.85313	-7.63426	8.241514	-0.06082484	-35.500446	-3.3777523	1.1780405	2.2771873	-10.869393	6.9294596	0.5829377	62660.284692287445
155	-98.333336	6.7593546	-63.0	-100.0	0.0	0.1	0.0	-100.0	0.0	-100.0	-100.0	97.333336	100.0	99	-7.6158543	8.228041	-0.112605035	-36.740593	-7.6156282	8.227599	-0.082813635	-35.99557	-3.3841329	1.1658332	3.1611066	-11.844849	6.92361	0.7426775	63426.63275408745
156	-88.73333	26.135458	-9.0	-100.0	0.0	0.23333333	0.13333334	-100.0	0.0	-100.0	-100.0	87.73333	100.0	99	-7.617183	8.212458	-0.11112115	-34.860546	-7.616349	8.211847	-0.07875587	-35.152897	-3.3752499	1.1763176	3.3987608	-12.205589	6.907702	0.58320326	64121.546463251114
157	-94.0	21.713284	-8.0	-100.0	0.0	0.1	0.033333335	-100.0	0.0	-100.0	-100.0	93.0	100.0	99	-7.6073985	8.186219	-0.10556993	-35.123146	-7.6075706	8.18497	-0.074965626	-35.125362	-3.369638	1.1711495	3.1308527	-12.48542	6.8945866	0.61273307	64849.11790680885
158	-98.0	7.4877677	-69.0	-100.0	0.0	0.06666667	0.033333335	-100.0	0.0	-100.0	-100.0	97.0	100.0	99	-7.590264	8.150225	-0.106567204	-35.04447	-7.5902734	8.150802	-0.058639556	-34.897186	-3.3750265	1.1801916	3.33008	-11.70142	6.8800855	0.6118649	65601.95277905464
159	-94.63333	17.096748	-32.0	-100.0	0.0	0.1	0.1	-100.0	0.0	-100.0	-100.0	93.63333	100.0	99	-7.573514	8.112562	-0.11817898	-35.66154	-7.573301	8.111087	-0.058465302	-34.471897	-3.387133	1.1724832	3.2500272	-11.675827	6.861797	0.5799087	66333.95248365402
160	-84.26667	28.51775	-9.0	-100.0	0.0	0.26666668	0.23333333	-100.0	0.0	-100.0	-100.0	83.26667	100.0	99	-7.5623746	8.074018	-0.12282793	-34.96563	-7.561984	8.075587	-0.05072385	-33.655537	-3.383728	1.1693984	2.9598584	-12.260589	6.8632846	0.65822166	66999.33506774902
161	-87.4	28.806942	-7.0	-100.0	0.0	0.16666667	0.13333334	-100.0	0.0	-100.0	-100.0	86.4	100.0	99	-7.5490184	8.078587	-0.12806842	-34.203384	-7.5499225	8.075928	-0.053254902	-33.26303	-3.3575404	1.1876214	3.010354	-11.538107	6.8230205	0.5747715	67686.81682181358
162	-100.0	0.0	-100.0	-100.0	0.0	0.0	0.0	-100.0	0.0	-100.0	-100.0	99.0	100.0	99	-7.5298624	8.036152	-0.12884821	-33.966167	-7.5297494	8.036563	-0.04638633	-34.874386	-3.360951	1.1849345	4.125587	-10.557531	6.8056655	0.56875896	68455.56544518471
163	-93.1	21.093998	-13.0	-100.0	0.0	0.1	0.033333335	-100.0	0.0	-100.0	-100.0	92.1	100.0	99	-7.567788	8.016098	-0.13276014	-34.740185	-7.5680437	8.014338	-0.085323036	-33.228085	-3.360498	1.1857669	3.164947	-11.551611	6.831778	0.49300772	69181.56688189507
164	-89.63333	26.325504	-10.0	-100.0	0.0	0.23333333	0.13333334	-100.0	0.0	-100.0	-100.0	88.63333	100.0	99	-7.51108	7.965445	-0.13474283	-33.974686	-7.5106087	7.963483	-0.08384892	-33.498024	-3.3750951	1.18076	6.549711	-12.266602	6.7874665	0.5535751	69880.88062310219
165	-97.8	11.847362	-34.0	-100.0	0.0	0.033333335	0.033333335	-100.0	0.0	-100.0	-100.0	96.8	100.0	99	-7.474052	7.925094	-0.13106494	-33.281654	-7.4744987	7.926771	-0.10333322	-33.25696	-3.3694882	1.194743	4.452977	-10.669705	6.738127	0.49301207	70635.33724784851
166	-98.63333	7.359725	-59.0	-100.0	0.0	0.033333335	0.033333335	-100.0	0.0	-100.0	-100.0	97.63333	100.0	99	-7.5301423	7.8954597	-0.12744272	-33.209305	-7.5297623	7.895198	-0.08671361	-33.832855	-3.3472998	1.1973511	5.4270115	-11.258545	6.768347	0.35183907	71399.9382147789
167	-87.53333	28.60272	-8.0	-100.0	0.0	0.16666667	0.13333334	-100.0	0.0	-100.0	-100.0	86.53333	100.0	99	-7.486085	7.862942	-0.1275052	-32.888775	-7.486438	7.8621044	-0.05364448	-32.532658	-3.3664281	1.1846032	7.21777	-11.548321	6.741028	0.47485006	72076.40350818634
168	-86.1	29.309101	-7.0	-100.0	0.0	0.23333333	0.13333334	-100.0	0.0	-100.0	-100.0	85.1	100.0	20	-7.4602084	7.830854	-0.14441279	-31.33855	-7.4602513	7.8297973	-0.115761206	-31.364622	-3.333964	1.2145048	9.630153	-11.346985	6.688913	0.30741927	72748.07311153412
169	-90.0	24.217073	-8.0	-100.0	0.0	0.16666667	0.13333334	-100.0	0.0	-100.0	-100.0	89.0	100.0	99	-7.4604387	7.824907	-0.13923962	-31.819279	-7.4599266	7.824712	-0.07891384	-30.903429	-3.3284383	1.2171879	3.9247475	-11.916239	6.6811533	0.2786088	73441.9080479145
170	-80.0	32.138245	-8.0	-100.0	0.0	0.33333334	0.26666668	-100.0	0.0	-100.0	-100.0	79.0	100.0	99	-7.40859	7.79153	-0.13132404	-31.805477	-7.4086547	7.7919793	-0.11203435	-32.67695	-3.341491	1.1986661	2.064993	-11.217056	6.635838	0.29411808	74062.15769171715
171	-82.86667	31.978884	-8.0	-100.0	0.0	0.26666668	0.2	-100.0	0.0	-100.0	-100.0	81.86667	100.0	99	-7.389903	7.798244	-0.13600573	-30.297762	-7.389803	7.797702	-0.111463875	-30.369535	-3.3735263	1.1829326	3.2879505	-11.413299	6.6315317	0.33979985	74712.89274954796
172	-85.4	28.687513	-7.0	-100.0	0.0	0.23333333	0.16666667	-100.0	0.0	-100.0	-100.0	84.4	100.0	99	-7.3266683	7.755409	-0.10216044	-30.410362	-7.3265543	7.754784	-0.12615657	-30.086386	-3.36958	1.1827669	4.7455354	-10.522217	6.5602074	0.29221871	75390.03240966797
173	-84.6	29.038595	-9.0	-100.0	0.0	0.26666668	0.2	-100.0	0.0	-100.0	-100.0	83.6	100.0	8	-7.3563385	7.74838	-0.09921177	-33.101357	-7.3564386	7.748656	-0.10001841	-31.959848	-3.3587973	1.1844798	3.1898508	-12.913479	6.5783486	0.2647475	76043.55429887772
174	-73.666664	33.86575	-8.0	-100.0	0.0	0.43333334	0.3	-100.0	0.0	-100.0	-100.0	72.666664	100.0	60	-7.374856	7.760292	-0.10834794	-30.770641	-7.375166	7.7602406	-0.11180331	-30.485933	-3.3421907	1.201342	2.4599729	-11.017981	6.597154	0.26177016	76618.91057777405
175	-87.96667	30.059366	-7.0	-100.0	0.0	0.16666667	0.13333334	-100.0	0.0	-100.0	-100.0	86.96667	100.0	99	-7.3688045	7.7597957	-0.106007814	-31.137135	-7.368513	7.760511	-0.10209571	-31.041292	-3.366881	1.1865572	3.8568592	-11.508876	6.594389	0.2673165	77298.5002169609
176	-87.433334	24.227648	-19.0	-100.0	0.0	0.3	0.23333333	-100.0	0.0	-100.0	-100.0	86.433334	100.0	99	-7.3065853	7.7193756	-0.09999901	-27.861088	-7.3063436	7.718705	-0.07503742	-27.72432	-3.3857584	1.1689367	3.0754776	-11.703981	6.549009	0.29655987	77984.71962404251
177	-92.566666	22.300499	-25.0	-100.0	0.0	0.1	0.1	-100.0	0.0	-100.0	-100.0	91.566666	100.0	99	-7.29815	7.690918	-0.09448895	-29.6257	-7.2986	7.6907353	-0.1013124	-28.516426	-3.3840756	1.1675307	3.048202	-10.043538	6.5370965	0.29452083	78704.2404718399
178	-88.666664	27.744473	-7.0	-100.0	0.0	0.16666667	0.16666667	-100.0	0.0	-100.0	-100.0	87.666664	100.0	99	-7.2992783	7.6859	-0.05731976	-31.364285	-7.2989984	7.6856837	-0.029930294	-28.112385	-3.3571763	1.1834557	0.8388529	-11.02555	6.5235977	0.27471843	79392.9137597084
179	-79.96667	34.34869	-8.0	-100.0	0.0	0.26666668	0.26666668	-100.0	0.0	-100.0	-100.0	78.96667	100.0	99	-7.2675405	7.651507	-0.092400864	-28.817245	-7.2676253	7.6505156	-0.08078495	-28.27298	-3.3679552	1.1776906	0.98285866	-10.894932	6.5027084	0.31526527	80017.18965506554
180	-81.9	31.407373	-6.0	-100.0	0.0	0.33333334	0.26666668	-100.0	0.0	-100.0	-100.0	80.9	100.0	99	-7.23694	7.6307783	-0.08630602	-26.256575	-7.236604	7.6306076	-0.08111793	-25.680368	-3.3683562	1.177549	1.1411238	-10.553831	6.4667706	0.28810012	80655.61186814308
181	-81.1	28.634886	-7.0	-100.0	0.0	0.36666667	0.26666668	-100.0	0.0	-100.0	-100.0	80.1	100.0	24	-7.2446303	7.636784	-0.08476892	-27.842073	-7.245117	7.6367803	-0.10243043	-27.385557	-3.3743865	1.1756563	1.9485621	-10.668198	6.4774156	0.2966091	81288.4483590126
182	-83.53333	27.734133	-9.0	-100.0	0.0	0.33333334	0.3	-100.0	0.0	-100.0	-100.0	82.53333	100.0	99	-7.274635	7.643548	-0.077772185	-25.104132	-7.2747426	7.643613	-0.08743742	-24.878931	-3.3777544	1.1763159	2.4322982	-11.234752	6.5055623	0.2949922	81932.39160847664
183	-80.26667	26.172419	-9.0	-100.0	0.0	0.46666667	0.33333334	-100.0	0.0	-100.0	-100.0	79.26667	100.0	99	-7.259973	7.609298	-0.06795105	-25.731163	-7.259738	7.608617	-0.08275071	-24.367443	-3.3860154	1.1730483	1.0001945	-11.618971	6.5012264	0.32161096	82557.04625296593
184	-88.2	23.009274	-29.0	-100.0	0.0	0.23333333	0.16666667	-100.0	0.0	-100.0	-100.0	87.2	100.0	99	-7.291328	7.6084914	-0.057627976	-25.114164	-7.291202	7.6085434	-0.08526549	-24.344582	-3.3927424	1.1605515	1.1845446	-10.26086	6.5292125	0.31398776	83237.67015862465
185	-75.63333	32.69708	-7.0	-100.0	0.0	0.4	0.26666668	-100.0	0.0	-100.0	-100.0	74.63333	100.0	99	-7.2805176	7.580989	-0.035425365	-24.663868	-7.280459	7.580644	-0.061618567	-24.633806	-3.4003632	1.1573989	1.3699675	-11.222553	6.5215983	0.30089715	83828.44145393372
186	-85.666664	27.745672	-8.0	-100.0	0.0	0.26666668	0.23333333	-100.0	0.0	-100.0	-100.0	84.666664	100.0	99	-7.3030324	7.5480723	-0.043694347	-24.679071	-7.3026342	7.547923	-0.06504205	-24.728815	-3.4232478	1.1392082	0.94244003	-10.704207	6.5563345	0.32321742	1383.8234286308289
187	-80.4	31.911963	-7.0	-100.0	0.0	0.36666667	0.36666667	-100.0	0.0	-100.0	-100.0	79.4	100.0	99	-7.3292418	7.49985	-0.035405457	-24.067663	-7.3296695	7.500126	-0.06769332	-23.950573	-3.4050844	1.1575193	1.0669203	-11.48469	6.5764112	0.2989914	2011.4808876514435
188	-76.333336	33.62373	-7.0	-100.0	0.0	0.4	0.36666667	-95.0	0.0	-95.0	-95.0	75.333336	95.0	57	-7.337767	7.472021	-0.03319612	-24.160383	-7.337146	7.4720426	-0.06152001	-23.80688	-3.407617	1.1478444	1.1692505	-11.082799	6.5960183	0.34260386	2612.403200149536
189	-71.0	33.669968	-7.0	-100.0	0.0	0.5	0.36666667	-100.0	0.0	-100.0	-100.0	70.0	100.0	99	-7.4156723	7.468823	-0.021061838	-24.963228	-7.4154744	7.4686193	-0.028390735	-24.530106	-3.4041314	1.1546916	1.0151176	-11.65793	6.6661243	0.30238795	3172.099662542343
190	-83.066666	29.943207	-9.0	-100.0	0.0	0.3	0.26666668	-100.0	0.0	-100.0	-100.0	82.066666	100.0	99	-7.4242406	7.4100714	-0.048978895	-25.446285	-7.424155	7.4089823	-0.033204317	-24.681292	-3.4172664	1.1483464	0.8411102	-12.380619	6.6909895	0.34712133	3819.092041015625
191	-73.666664	32.87789	-7.0	-100.0	0.0	0.46666667	0.43333334	-100.0	0.0	-100.0	-100.0	72.666664	100.0	99	-7.5126963	7.410297	-0.03370416	-24.11002	-7.5130777	7.4095683	-0.055662513	-24.411194	-3.3967273	1.1642967	0.8075776	-11.113003	6.7705173	0.33306372	4397.0457401275635
192	-80.6	29.868153	-9.0	-100.0	0.0	0.4	0.3	-100.0	0.0	-100.0	-100.0	79.6	100.0	99	-7.5549293	7.3528724	-0.034297884	-23.387465	-7.555087	7.3522763	-0.04868424	-23.490118	-3.4166076	1.14639	2.5735526	-10.475291	6.8310075	0.37390682	5024.524150133133
193	-80.566666	29.757557	-25.0	-100.0	0.0	0.36666667	0.33333334	-100.0	0.0	-100.0	-100.0	79.566666	100.0	99	-7.6039176	7.3350124	-0.034115642	-23.948418	-7.603628	7.334455	-0.055957973	-23.680084	-3.4194894	1.1364362	2.6561298	-10.539505	6.87243	0.34853572	5648.730015516281
194	-61.9	38.350445	-8.0	-100.0	0.0	0.6333333	0.6	-100.0	0.0	-100.0	-100.0	60.9	100.0	90	-7.6833816	7.2787566	-0.014490783	-24.223555	-7.6838207	7.2780633	-0.058573157	-24.1788	-3.425708	1.1377354	4.486311	-10.822405	6.9600196	0.36235636	6145.723945617676
195	-75.53333	35.9803	-8.0	-100.0	0.0	0.33333334	0.3	-100.0	0.0	-100.0	-100.0	74.53333	100.0	99	-7.788728	7.2732754	-0.038779974	-23.656147	-7.788535	7.272494	-0.040495247	-24.079357	-3.409931	1.1479454	3.7920809	-11.929945	7.076771	0.40922126	6746.3720445632935
196	-82.76667	32.770603	-8.0	-100.0	0.0	0.23333333	0.13333334	-100.0	0.0	-100.0	-100.0	81.76667	100.0	99	-7.8613443	7.2535653	-0.052001476	-26.710213	-7.860794	7.2532244	-0.019324452	-25.371208	-3.4199812	1.140761	5.044979	-11.468697	7.152287	0.41980097	7388.368725538254
197	-82.36667	31.08749	-7.0	-100.0	0.0	0.33333334	0.26666668	-84.0	0.0	-84.0	-84.0	81.36667	84.0	99	-7.923105	7.224847	-0.047974437	-28.81625	-7.923121	7.2229834	-0.015946597	-24.646856	-3.4293892	1.128566	3.141039	-11.321294	7.219345	0.4479307	8032.3008580207825
198	-81.5	28.557253	-9.0	-100.0	0.0	0.36666667	0.23333333	-100.0	0.0	-100.0	-100.0	80.5	100.0	56	-7.9086094	7.166102	-0.03325528	-26.898582	-7.9083657	7.1654315	-0.048416674	-25.40874	-3.352865	1.1961025	1.9993587	-11.832178	7.190213	0.4459019	8668.655453205109
199	-83.2	29.847837	-9.0	-100.0	0.0	0.26666668	0.26666668	-100.0	0.0	-100.0	-100.0	82.2	100.0	99	-7.871567	7.195302	-0.033705026	-28.75854	-7.8714924	7.194715	-0.04123372	-26.365194	-3.3006477	1.231664	3.0346217	-12.044227	7.132878	0.39006948	9312.979741096497
