Epoch	AverageEpRet	StdEpRet	MaxEpRet	MinEpRet	GoalReached	Collided	CriticallyCollided	AverageTestEpRet	StdTestEpRet	MaxTestEpRet	MinTestEpRet	EpLen	TestEpLen	TotalEnvInteracts	AverageQ1Vals	StdQ1Vals	MaxQ1Vals	MinQ1Vals	AverageQ2Vals	StdQ2Vals	MaxQ2Vals	MinQ2Vals	AverageLogPi	StdLogPi	MaxLogPi	MinLogPi	LossPi	LossQ	Time
0	-74.8	35.35854	-8.0	-100.0	0.0	0.36666667	0.3	-100.0	0.0	-100.0	-100.0	73.8	100.0	99	-0.3570014	0.14078562	0.108862594	-0.6819351	-0.3618845	0.1292676	0.019689102	-0.6552286	-4.095729	0.3068194	-1.9265442	-9.547037	-0.4531495	0.023877611	565.8846700191498
1	-85.76667	28.802412	-10.0	-100.0	0.0	0.26666668	0.26666668	-29.0	0.0	-29.0	-29.0	84.76667	29.0	99	-0.95736825	0.2347617	-0.4375968	-1.7907444	-0.9575289	0.23549785	-0.38898817	-1.6870656	-4.0977573	0.2883423	-3.174532	-9.485765	0.14910074	0.08967552	1220.2936789989471
2	-60.466667	34.604176	-11.0	-100.0	0.0	0.6333333	0.6333333	-19.0	0.0	-19.0	-19.0	59.466667	19.0	29	-1.6345057	0.25202736	-0.5303416	-2.5686693	-1.6346141	0.25485724	-0.4326045	-2.7068706	-4.0930104	0.30551067	-3.0689907	-8.233822	0.83574253	0.24788256	1701.359850883484
3	-41.733334	34.647686	-6.0	-100.0	0.0	0.8	0.73333335	-6.0	0.0	-6.0	-6.0	40.733334	6.0	9	-2.1496184	0.36856127	-0.40865085	-3.8950872	-2.149794	0.3698933	-0.4072568	-3.9018903	-4.0642834	0.38211253	-1.9374042	-8.828992	1.3681313	0.417764	2048.810162305832
4	-40.766666	36.4387	-7.0	-100.0	0.0	0.8	0.7	-6.0	0.0	-6.0	-6.0	39.766666	6.0	23	-2.5863595	0.6042893	-0.49510875	-5.3608556	-2.5863109	0.60578203	-0.32626358	-5.170623	-4.034334	0.45182282	-1.7883787	-10.277644	1.8338186	0.55528075	2390.738957643509
5	-37.166668	35.360134	-7.0	-100.0	0.0	0.8	0.7	-8.0	0.0	-8.0	-8.0	36.166668	8.0	30	-3.047737	0.93152755	-0.5013166	-6.197087	-3.0478306	0.9339566	-0.35801062	-6.2312484	-4.023676	0.47494084	-1.486166	-11.104914	2.3371496	0.69746035	2709.628226041794
6	-48.566666	40.256413	-7.0	-100.0	0.0	0.6333333	0.6	-32.0	0.0	-32.0	-32.0	47.566666	32.0	17	-3.569721	1.296639	-0.5846153	-7.3058987	-3.5696626	1.2990562	-0.3169862	-7.3081117	-4.028352	0.47051346	-1.2452035	-9.931844	2.9011738	0.8052659	3112.2447967529297
7	-62.866665	41.372883	-6.0	-100.0	0.0	0.5	0.4	-43.0	0.0	-43.0	-43.0	61.866665	43.0	99	-4.211372	1.6385435	-0.49083257	-8.002724	-4.210738	1.6381346	-0.3843748	-7.9668217	-4.027762	0.4746199	-0.40395737	-9.534254	3.585304	0.94056255	3620.4495730400085
8	-65.63333	41.52708	-7.0	-100.0	0.0	0.43333334	0.4	-100.0	0.0	-100.0	-100.0	64.63333	100.0	99	-4.8868446	1.9457506	-0.41413814	-9.068867	-4.886847	1.9398569	-0.38868612	-8.782002	-3.9998262	0.5276378	-0.35285568	-10.188749	4.3060775	1.1039009	4161.092061758041
9	-76.76667	36.488064	-11.0	-100.0	0.0	0.3	0.23333333	-8.0	0.0	-8.0	-8.0	75.76667	8.0	11	-5.5161085	2.2601275	-0.3984515	-9.708468	-5.51623	2.256872	-0.400405	-9.621816	-3.979399	0.5619937	0.33446264	-9.504623	4.9645095	1.1933167	4760.507215499878
10	-65.833336	38.893085	-7.0	-100.0	0.0	0.5	0.36666667	-11.0	0.0	-11.0	-11.0	64.833336	11.0	17	-6.0753555	2.5970225	-0.33355585	-10.373747	-6.075672	2.5949564	-0.33561948	-10.383316	-3.9235551	0.654751	0.399127	-10.422637	5.548218	1.1973546	5285.140783548355
11	-80.166664	32.219128	-9.0	-100.0	0.0	0.33333334	0.3	-17.0	0.0	-17.0	-17.0	79.166664	17.0	74	-6.5929165	2.9106264	-0.3277283	-11.3282385	-6.5925126	2.9118407	-0.32986823	-11.146949	-3.8571606	0.74233174	0.36796427	-9.755429	6.0824895	1.2289791	5906.920620203018
12	-69.333336	35.76435	-8.0	-100.0	0.0	0.5	0.36666667	-15.0	0.0	-15.0	-15.0	68.333336	15.0	14	-7.0013413	3.2094686	-0.30152398	-11.884048	-7.0015006	3.2065778	-0.32570735	-11.867404	-3.7862577	0.82895786	1.0623608	-11.254198	6.49771	1.206119	6451.2533659935
13	-62.233334	39.61286	-7.0	-100.0	0.0	0.53333336	0.5	-7.0	0.0	-7.0	-7.0	61.233334	7.0	25	-7.3750324	3.478953	-0.2451419	-12.388033	-7.3748546	3.4746444	-0.2894614	-12.288075	-3.7111378	0.9066911	0.9086237	-11.48546	6.872387	1.1782223	6945.0301904678345
14	-72.9	35.85559	-8.0	-100.0	0.0	0.4	0.4	-100.0	0.0	-100.0	-100.0	71.9	100.0	13	-7.6529255	3.7496212	-0.2061807	-13.038837	-7.6532016	3.7474456	-0.22728924	-13.166971	-3.6382813	0.9827208	1.671669	-10.550415	7.1476083	1.1616104	7530.633839607239
15	-70.76667	39.748943	-9.0	-100.0	0.0	0.36666667	0.3	-100.0	0.0	-100.0	-100.0	69.76667	100.0	8	-7.955568	3.9767687	-0.19205977	-13.631703	-7.956035	3.9758778	-0.2208686	-13.769868	-3.6000798	1.0204029	1.1857796	-11.988228	7.4539666	1.1890843	8093.1147565841675
16	-83.9	31.908571	-8.0	-100.0	0.0	0.26666668	0.23333333	-100.0	0.0	-100.0	-100.0	82.9	100.0	99	-8.187256	4.2085366	-0.19513236	-14.24744	-8.187444	4.2072425	-0.22730063	-14.414727	-3.5218506	1.088442	1.8320603	-11.211741	7.6721206	1.2062536	8742.96899008751
17	-79.53333	33.087494	-8.0	-100.0	0.0	0.3	0.2	-100.0	0.0	-100.0	-100.0	78.53333	100.0	99	-8.303969	4.4718585	-0.2080954	-15.162445	-8.304588	4.471943	-0.24641156	-15.083258	-3.4065378	1.1781245	2.1424522	-11.69714	7.765926	1.1447518	9372.357025146484
18	-76.73333	34.65346	-9.0	-100.0	0.0	0.33333334	0.26666668	-100.0	0.0	-100.0	-100.0	75.73333	100.0	99	-8.306145	4.725034	-0.18176879	-15.535218	-8.306468	4.7233944	-0.23296499	-15.680363	-3.3552933	1.2134925	2.0619974	-11.144702	7.7426605	1.0624331	9990.304953336716
19	-76.23333	34.22444	-7.0	-100.0	0.0	0.36666667	0.36666667	-100.0	0.0	-100.0	-100.0	75.23333	100.0	99	-8.272317	4.928775	-0.19341351	-16.207184	-8.272791	4.927287	-0.22586389	-16.532356	-3.3527753	1.1978897	2.1650572	-11.275523	7.6990414	1.0081356	10591.062021970749
20	-83.86667	30.5862	-10.0	-100.0	0.0	0.23333333	0.23333333	-100.0	0.0	-100.0	-100.0	82.86667	100.0	99	-8.114654	5.087599	-0.17201427	-16.655626	-8.115363	5.085954	-0.20726173	-16.841656	-3.2433555	1.3001478	2.9324756	-11.147201	7.488466	0.8507719	11257.218064546585
21	-75.36667	35.75983	-8.0	-100.0	0.0	0.36666667	0.33333334	-100.0	0.0	-100.0	-100.0	74.36667	100.0	44	-7.852943	5.2325306	-0.15402009	-17.031609	-7.852885	5.2318926	-0.1778172	-17.166265	-3.2115548	1.324961	3.1324983	-11.241873	7.2100196	0.7025741	11847.214217424393
22	-73.03333	36.367092	-9.0	-100.0	0.033333335	0.4	0.33333334	-90.0	0.0	-90.0	-90.0	72.066666	90.0	82	-7.698857	5.321713	-0.14103305	-17.471704	-7.699098	5.320403	-0.17492358	-17.75902	-3.249043	1.2806224	2.1534777	-12.271671	7.0500245	0.60638255	12424.941346168518
23	-72.3	32.866547	-7.0	-100.0	0.0	0.46666667	0.43333334	-100.0	0.0	-100.0	-100.0	71.3	100.0	42	-7.6608334	5.407067	-0.1359343	-17.787756	-7.661084	5.4052734	-0.18323313	-17.846052	-3.3134813	1.2248216	1.4081078	-10.969373	7.027692	0.59429187	13003.287290096283
24	-78.86667	35.110046	-7.0	-100.0	0.0	0.3	0.2	-100.0	0.0	-100.0	-100.0	77.86667	100.0	11	-7.6453466	5.465357	-0.13766491	-18.037264	-7.6456485	5.46436	-0.190899	-18.302896	-3.3772676	1.1800151	1.6581945	-11.422624	7.0226507	0.6005111	13622.562386512756
25	-70.46667	37.467976	-9.0	-100.0	0.0	0.4	0.3	-100.0	0.0	-100.0	-100.0	69.46667	100.0	99	-7.670394	5.5038114	-0.1505631	-18.32843	-7.670381	5.504019	-0.17450996	-18.435871	-3.4117715	1.1503023	1.4359541	-9.762118	7.056862	0.6161685	14179.234634876251
26	-80.26667	32.120537	-16.0	-100.0	0.0	0.33333334	0.33333334	-52.0	0.0	-52.0	-52.0	79.26667	52.0	99	-7.7781935	5.557884	-0.12552015	-18.64731	-7.778134	5.5573387	-0.1551925	-18.609228	-3.4374516	1.127511	1.3129063	-11.524816	7.170345	0.6361137	14810.487580537796
27	-72.6	35.690895	-7.0	-100.0	0.0	0.43333334	0.43333334	-100.0	0.0	-100.0	-100.0	71.6	100.0	99	-7.789917	5.5651846	-0.12890825	-18.854916	-7.7901	5.564712	-0.18317886	-18.909628	-3.418129	1.1416445	2.1997566	-11.386345	7.1804934	0.63618976	15389.033141613007
28	-81.36667	31.778906	-10.0	-100.0	0.0	0.26666668	0.26666668	-66.0	0.0	-66.0	-66.0	80.36667	66.0	99	-7.7052016	5.639199	-0.13026243	-19.096914	-7.7055793	5.6384974	-0.16775778	-19.440691	-3.2844374	1.238009	2.0157833	-11.445471	7.0546403	0.5597279	16034.407574653625
29	-66.8	38.17713	-7.0	-100.0	0.033333335	0.43333334	0.4	-100.0	0.0	-100.0	-100.0	65.833336	100.0	15	-7.5895343	5.696932	-0.13561848	-19.328217	-7.589684	5.6959934	-0.15702195	-19.40022	-3.2542026	1.2576492	1.3912268	-12.245334	6.9323306	0.53149337	16583.491945266724
30	-78.46667	32.36843	-9.0	-100.0	0.1	0.26666668	0.23333333	-100.0	0.0	-100.0	-100.0	77.566666	100.0	69	-7.454144	5.724601	-0.12583385	-19.418013	-7.4543505	5.724193	-0.163276	-19.632715	-3.2611666	1.2485728	2.1906996	-10.86597	6.7931614	0.5095577	17219.172877073288
31	-87.3	29.837502	-8.0	-100.0	0.0	0.16666667	0.16666667	-32.0	0.0	-32.0	-32.0	86.3	32.0	99	-7.3252115	5.729435	-0.12209503	-19.957268	-7.3253174	5.7290077	-0.14387274	-19.887535	-3.2935188	1.2207943	1.4484739	-10.506536	6.676286	0.517498	17899.09844493866
32	-91.166664	23.184883	-15.0	-100.0	0.06666667	0.1	0.1	-100.0	0.0	-100.0	-100.0	90.23333	100.0	14	-7.2727284	5.7398295	-0.12013701	-19.8733	-7.2729754	5.739737	-0.14401951	-20.275566	-3.3111842	1.2063565	1.2857771	-11.175051	6.6290903	0.4952684	18622.389260292053
33	-85.96667	31.064966	-9.0	-100.0	0.0	0.2	0.16666667	-100.0	0.0	-100.0	-100.0	84.96667	100.0	16	-7.2221036	5.7241235	-0.1110563	-20.060308	-7.2221694	5.723653	-0.14923057	-20.083029	-3.3084023	1.2011491	1.3326712	-10.258463	6.578158	0.49884388	19308.427708864212
34	-72.63333	35.399136	-9.0	-100.0	0.16666667	0.3	0.26666668	-100.0	0.0	-100.0	-100.0	71.8	100.0	99	-7.1828127	5.7332015	-0.10720726	-20.35523	-7.1828265	5.732952	-0.15966085	-20.457176	-3.313271	1.2054162	1.4223509	-12.630518	6.539644	0.4941419	19917.444853782654
35	-79.96667	32.03486	-9.0	-100.0	0.033333335	0.26666668	0.16666667	-100.0	0.0	-100.0	-100.0	79.0	100.0	99	-7.1077538	5.710697	-0.10050136	-20.572996	-7.107705	5.7102313	-0.1532774	-20.495104	-3.3092284	1.1978154	1.9393501	-11.89603	6.4689045	0.49331656	20563.098457098007
36	-77.4	33.749664	-9.0	-100.0	0.033333335	0.3	0.2	-100.0	0.0	-100.0	-100.0	76.433334	100.0	33	-7.0754957	5.728205	-0.09996326	-20.946436	-7.0755053	5.7275543	-0.15383914	-20.839228	-3.3100407	1.2025588	1.1654701	-10.567376	6.439424	0.4962294	21193.11466360092
37	-81.86667	28.82445	-7.0	-100.0	0.13333334	0.23333333	0.16666667	-100.0	0.0	-100.0	-100.0	81.0	100.0	83	-7.039979	5.708373	-0.09315592	-20.71885	-7.040168	5.7076654	-0.14192796	-20.740347	-3.3074045	1.1990708	1.3341236	-10.632005	6.4053564	0.50478745	21857.243161916733
38	-80.433334	30.532694	-10.0	-100.0	0.13333334	0.23333333	0.13333334	-100.0	0.0	-100.0	-100.0	79.566666	100.0	99	-7.003115	5.6632953	-0.09490779	-21.070309	-7.0031657	5.66364	-0.13532653	-20.938377	-3.3169277	1.18937	1.3510971	-11.52561	6.3728495	0.50699466	22507.035900831223
39	-85.13333	29.57897	-7.0	-100.0	0.1	0.16666667	0.16666667	-100.0	0.0	-100.0	-100.0	84.23333	100.0	99	-7.0161366	5.655753	-0.081308536	-21.189543	-7.016381	5.6554685	-0.123309	-21.311604	-3.3124602	1.1821374	1.0309677	-12.410649	6.388015	0.5221372	23183.47731947899
40	-86.36667	26.108086	-15.0	-100.0	0.13333334	0.13333334	0.06666667	-40.0	0.0	-40.0	-40.0	85.5	41.0	99	-6.9742603	5.62403	-0.08092725	-21.547693	-6.9748054	5.6231966	-0.13963811	-21.430086	-3.3056405	1.1957586	1.1161337	-11.620903	6.3518934	0.5318555	23864.67533683777
41	-77.8	33.65551	-8.0	-100.0	0.13333334	0.26666668	0.2	-100.0	0.0	-100.0	-100.0	76.933334	100.0	99	-6.936263	5.6126113	-0.07689488	-21.914526	-6.935744	5.6128306	-0.12388754	-21.757935	-3.2853642	1.1965568	1.2041426	-11.179707	6.31749	0.5358703	24495.752055883408
42	-83.566666	27.611212	-10.0	-100.0	0.2	0.13333334	0.13333334	-25.0	0.0	-25.0	-25.0	82.76667	26.0	99	-6.898068	5.617802	-0.0778538	-21.743645	-6.898212	5.617264	-0.13195223	-21.785614	-3.2712824	1.2095519	1.3658867	-11.229391	6.2754664	0.5351066	25153.934403181076
43	-69.23333	29.346985	-21.0	-100.0	0.26666668	0.33333334	0.26666668	-100.0	0.0	-100.0	-100.0	68.5	100.0	99	-6.8552833	5.5857353	-0.07831584	-22.382553	-6.8553557	5.584982	-0.12611228	-22.185642	-3.2653313	1.2165397	1.1060905	-11.712232	6.233403	0.5348092	25727.178587436676
44	-91.63333	17.896896	-31.0	-100.0	0.23333333	0.033333335	0.0	-20.0	0.0	-20.0	-20.0	90.86667	21.0	99	-6.852115	5.5732365	-0.07415877	-22.366919	-6.8518515	5.5731945	-0.14237091	-22.365284	-3.2942665	1.191926	1.7862344	-11.873943	6.2365985	0.54002285	26442.522022247314
45	-68.066666	37.482384	-7.0	-100.0	0.1	0.36666667	0.3	-24.0	0.0	-24.0	-24.0	67.166664	25.0	11	-6.827326	5.543257	-0.07266284	-23.25643	-6.8275666	5.5427895	-0.13908708	-23.172718	-3.2681823	1.2044504	1.6666837	-11.250191	6.215143	0.554811	26990.97363948822
46	-83.1	23.93512	-29.0	-100.0	0.2	0.2	0.2	-20.0	0.0	-20.0	-20.0	82.3	21.0	59	-6.825437	5.5523596	-0.07170305	-22.98627	-6.825153	5.552319	-0.138117	-22.942743	-3.2644427	1.211206	1.4979043	-12.852945	6.2118816	0.55717915	27645.539387226105
47	-78.13333	29.276535	-9.0	-100.0	0.3	0.2	0.2	-100.0	0.0	-100.0	-100.0	77.433334	100.0	99	-6.772423	5.510026	-0.06869884	-23.510513	-6.772607	5.509791	-0.13388948	-23.258251	-3.2807906	1.2056746	1.655529	-11.136038	6.165301	0.5536722	28281.394755601883
48	-74.53333	35.672333	-7.0	-100.0	0.2	0.26666668	0.23333333	-100.0	0.0	-100.0	-100.0	73.73333	100.0	99	-6.8052874	5.5457015	-0.07536408	-23.883635	-6.8058505	5.54557	-0.12185842	-23.717627	-3.263584	1.204671	1.0818243	-11.826435	6.1986027	0.56377286	28891.416393756866
49	-69.8	35.668285	-7.0	-100.0	0.16666667	0.33333334	0.26666668	-100.0	0.0	-100.0	-100.0	68.96667	100.0	99	-6.8034863	5.5234027	-0.07166566	-23.720982	-6.803411	5.523	-0.12381965	-24.273012	-3.2469199	1.2156862	1.2436523	-11.224812	6.195447	0.5663796	29468.555619955063
50	-71.86667	32.708546	-8.0	-100.0	0.3	0.26666668	0.26666668	-100.0	0.0	-100.0	-100.0	71.166664	100.0	89	-6.794607	5.5102553	-0.07665618	-24.092978	-6.794945	5.5100784	-0.12735756	-24.634338	-3.236422	1.2190458	1.0749521	-11.4475155	6.188706	0.5768735	30065.236697673798
51	-76.1	30.525784	-7.0	-100.0	0.23333333	0.23333333	0.16666667	-90.0	0.0	-90.0	-90.0	75.333336	91.0	77	-6.8098483	5.488693	-0.0715861	-24.382788	-6.8095336	5.489467	-0.13042167	-24.657644	-3.2335126	1.2174779	1.2871885	-10.645577	6.207415	0.58526593	30687.050783872604
52	-77.5	27.356596	-8.0	-100.0	0.46666667	0.16666667	0.16666667	-21.0	0.0	-21.0	-21.0	76.96667	22.0	24	-6.75035	5.429708	-0.068377696	-24.605288	-6.7505937	5.4293184	-0.11550653	-25.317562	-3.2137084	1.2296724	1.246768	-12.173996	6.1442213	0.5606628	31306.57571363449
53	-74.1	29.269268	-10.0	-100.0	0.46666667	0.16666667	0.13333334	-100.0	0.0	-100.0	-100.0	73.566666	100.0	32	-6.7484627	5.4371324	-0.06647844	-24.941586	-6.748546	5.4368753	-0.1172035	-25.60011	-3.2207289	1.2303454	1.1758718	-12.945457	6.1455846	0.5745907	31920.647920131683
54	-77.46667	29.129293	-9.0	-100.0	0.3	0.23333333	0.16666667	-10.0	0.0	-10.0	-10.0	76.76667	10.0	99	-6.733386	5.4482107	-0.077899486	-24.929035	-6.7333984	5.4479294	-0.105616555	-25.252373	-3.2216768	1.2221104	0.7911329	-10.963528	6.1346836	0.575227	32535.81444334984
55	-71.26667	28.360695	-9.0	-100.0	0.4	0.26666668	0.16666667	-100.0	0.0	-100.0	-100.0	70.666664	100.0	40	-6.732764	5.4459047	-0.06904851	-25.391035	-6.7327695	5.4458942	-0.0936057	-25.412703	-3.2093425	1.2286297	0.9470911	-10.98308	6.133308	0.5719937	33129.8270277977
56	-73.166664	30.695366	-9.0	-100.0	0.23333333	0.26666668	0.16666667	-42.0	0.0	-42.0	-42.0	72.4	43.0	58	-6.7175584	5.433809	-0.06867696	-25.539705	-6.7176666	5.4340057	-0.10377609	-25.42981	-3.2246497	1.22283	1.4627914	-10.906528	6.1162696	0.56630105	33721.824308395386
57	-69.166664	32.93234	-6.0	-100.0	0.33333334	0.26666668	0.26666668	-100.0	0.0	-100.0	-100.0	68.5	100.0	73	-6.7041583	5.4056234	-0.08227561	-25.681166	-6.70404	5.4054713	-0.11742847	-25.92885	-3.209956	1.2255044	0.7596483	-11.027286	6.1045876	0.574643	34298.51854252815
58	-71.933334	31.949892	-6.0	-100.0	0.4	0.2	0.13333334	-7.0	0.0	-7.0	-7.0	71.333336	8.0	60	-6.6446133	5.36239	-0.07382627	-26.442734	-6.6442738	5.362391	-0.117201656	-26.136074	-3.2218525	1.2212383	0.8845568	-10.744749	6.049917	0.59112984	34873.62058568001
59	-91.3	18.9458	-16.0	-100.0	0.2	0.06666667	0.06666667	-19.0	0.0	-19.0	-19.0	90.5	19.0	64	-6.63927	5.345904	-0.06902227	-26.94004	-6.6395307	5.3461437	-0.0737221	-26.704153	-3.2284338	1.218032	0.9486904	-10.88036	6.0489836	0.58036536	35586.27226114273
60	-80.166664	29.738956	-9.0	-100.0	0.13333334	0.3	0.2	-13.0	0.0	-13.0	-13.0	79.3	14.0	99	-6.64869	5.3424945	-0.07091506	-26.677303	-6.6485353	5.3422513	-0.084583506	-26.556227	-3.1924639	1.2418054	1.1533289	-11.296019	6.054489	0.58490694	36218.93145251274
61	-87.2	23.87942	-1.0	-100.0	0.23333333	0.1	0.033333335	-100.0	0.0	-100.0	-100.0	86.433334	100.0	99	-6.6095753	5.3474483	-0.06501923	-27.387268	-6.609659	5.3477902	-0.093941376	-26.972803	-3.2007039	1.2336442	1.4061012	-11.858543	6.0160036	0.58668464	36921.1417529583
62	-81.13333	24.064821	-23.0	-100.0	0.33333334	0.13333334	0.1	-21.0	0.0	-21.0	-21.0	80.46667	21.0	77	-6.61746	5.309911	-0.06472684	-27.815321	-6.617403	5.3098173	-0.09536024	-27.103825	-3.174208	1.2465196	1.0079098	-11.124142	6.024013	0.57617044	37565.543312072754
63	-79.6	25.5181	-14.0	-100.0	0.43333334	0.13333334	0.06666667	-100.0	0.0	-100.0	-100.0	79.03333	100.0	50	-6.600044	5.310763	-0.06616198	-27.618376	-6.6002545	5.31089	-0.09985802	-27.75112	-3.1919904	1.2379445	0.8893347	-12.824936	6.01096	0.59871	38216.47669816017
64	-63.433334	34.465137	-9.0	-100.0	0.4	0.26666668	0.16666667	-100.0	0.0	-100.0	-100.0	62.833332	100.0	99	-6.5681324	5.2760687	-0.07204799	-28.371115	-6.568048	5.2762046	-0.08833249	-27.770414	-3.180895	1.2411746	0.68743896	-11.683723	5.979318	0.5898941	38755.47377252579
65	-65.96667	32.272263	-8.0	-100.0	0.33333334	0.3	0.23333333	-83.0	0.0	-83.0	-83.0	65.3	84.0	99	-6.5485773	5.258723	-0.07194826	-28.463863	-6.548825	5.258456	-0.09639582	-28.34887	-3.1687272	1.252836	0.9593773	-11.915956	5.957103	0.577005	39307.11267662048
66	-66.36667	33.49177	-9.0	-100.0	0.36666667	0.23333333	0.16666667	-22.0	0.0	-22.0	-22.0	65.73333	23.0	99	-6.557302	5.246714	-0.07165685	-28.711872	-6.557096	5.246481	-0.09281397	-28.539806	-3.1678808	1.2476181	0.9401655	-12.886019	5.965361	0.5795477	39847.57473921776
67	-86.833336	16.830692	-42.0	-100.0	0.4	0.1	0.033333335	-100.0	0.0	-100.0	-100.0	86.23333	100.0	69	-6.5149283	5.2116694	-0.069255844	-28.19395	-6.5147886	5.2119823	-0.08178001	-28.324455	-3.1513205	1.2518948	1.0969477	-12.40136	5.9248724	0.5800921	40551.952550172806
68	-78.166664	31.614431	-8.0	-100.0	0.3	0.13333334	0.13333334	-100.0	0.0	-100.0	-100.0	77.46667	100.0	39	-6.518012	5.2171555	-0.06555402	-28.693478	-6.5177183	5.217413	-0.08061907	-28.522976	-3.1465192	1.2604154	1.2194309	-11.625309	5.92682	0.5710896	41192.23016524315
69	-75.7	32.53731	-6.0	-100.0	0.33333334	0.13333334	0.06666667	-18.0	0.0	-18.0	-18.0	75.03333	19.0	86	-6.4969788	5.1955104	-0.061369255	-29.318714	-6.4971914	5.195223	-0.078048706	-29.251915	-3.1775117	1.2406509	1.2843609	-11.888783	5.9127626	0.57693654	41796.67836332321
70	-78.6	26.178362	-7.0	-100.0	0.36666667	0.13333334	0.1	-37.0	0.0	-37.0	-37.0	77.96667	38.0	84	-6.523946	5.1893654	-0.054269493	-28.915169	-6.5236692	5.189246	-0.07804342	-29.172728	-3.1802084	1.2419728	0.81758404	-11.579246	5.9428277	0.58011675	42428.927628040314
71	-73.63333	32.089962	-7.0	-100.0	0.3	0.2	0.13333334	-23.0	0.0	-23.0	-23.0	72.933334	24.0	72	-6.475226	5.124545	-0.03748025	-29.269506	-6.4757423	5.1247807	-0.072086364	-29.397696	-3.1564276	1.2496139	1.1415095	-10.296843	5.889581	0.59624463	43019.7048830986
72	-80.46667	30.079597	-6.0	-100.0	0.23333333	0.16666667	0.13333334	-17.0	0.0	-17.0	-17.0	79.7	18.0	99	-6.489198	5.1265984	-0.04400221	-29.342075	-6.4889383	5.1272683	-0.06441686	-29.396353	-3.1324687	1.2615447	1.0289545	-10.839235	5.904271	0.5810373	43655.58748579025
73	-77.833336	30.113213	-6.0	-100.0	0.33333334	0.13333334	0.13333334	-100.0	0.0	-100.0	-100.0	77.166664	100.0	99	-6.4934154	5.1071754	-0.05065835	-29.031723	-6.49359	5.106776	-0.054141328	-29.581385	-3.150548	1.2617301	1.3142385	-11.95142	5.913216	0.5974865	44293.71569943428
74	-73.36667	31.237246	-8.0	-100.0	0.26666668	0.3	0.13333334	-12.0	0.0	-12.0	-12.0	72.63333	13.0	15	-6.4629	5.094002	-0.05193632	-28.692005	-6.462461	5.0930815	-0.060536247	-28.98311	-3.1301596	1.2703646	1.1783571	-10.686836	5.878816	0.5853155	44881.0099966526
75	-67.6	33.675514	-6.0	-100.0	0.3	0.33333334	0.16666667	-100.0	0.0	-100.0	-100.0	66.9	100.0	32	-6.471357	5.1060734	-0.052322775	-29.03006	-6.4714646	5.10676	-0.065704726	-29.614267	-3.1516888	1.2619406	1.2046504	-12.722818	5.8938694	0.5942961	45448.08098363876
76	-67.9	27.488605	-8.0	-100.0	0.6333333	0.13333334	0.13333334	-13.0	0.0	-13.0	-13.0	67.53333	13.0	57	-6.4794602	5.0920763	-0.050939236	-29.369137	-6.47928	5.092195	-0.065443136	-31.024927	-3.1293213	1.2630398	1.2607155	-11.369123	5.9054713	0.598049	46000.58557987213
77	-81.96667	25.133621	-7.0	-100.0	0.4	0.1	0.033333335	-10.0	0.0	-10.0	-10.0	81.36667	10.0	51	-6.441272	5.071211	-0.04509023	-29.347736	-6.441556	5.071349	-0.066953905	-29.653685	-3.1006196	1.284966	1.6963482	-10.978463	5.8533983	0.5765934	46647.305580616
78	-63.433334	32.72276	-7.0	-100.0	0.5	0.2	0.2	-36.0	0.0	-36.0	-36.0	62.933334	37.0	99	-6.458032	5.0753183	-0.040900387	-30.119728	-6.458191	5.0751224	-0.05230456	-29.487804	-3.128245	1.2697335	0.88918734	-11.787863	5.8774276	0.5920896	47172.905333042145
79	-67.4	36.269917	-7.0	-100.0	0.26666668	0.26666668	0.23333333	-16.0	0.0	-16.0	-16.0	66.666664	17.0	10	-6.474524	5.0757456	-0.050082028	-30.360922	-6.474418	5.0756345	-0.059675306	-30.448305	-3.133507	1.2616497	1.0921116	-11.004669	5.8969684	0.5902064	47717.18572473526
80	-68.566666	36.07186	-9.0	-100.0	0.3	0.26666668	0.23333333	-15.0	0.0	-15.0	-15.0	67.86667	15.0	99	-6.4411874	5.038174	-0.042738657	-30.675388	-6.441279	5.038001	-0.052281484	-30.701029	-3.1248312	1.2678753	0.884346	-11.861839	5.866897	0.6024219	48270.874895334244
81	-71.23333	31.058744	-8.0	-100.0	0.4	0.2	0.1	-34.0	0.0	-34.0	-34.0	70.63333	35.0	99	-6.458478	5.036906	-0.051122323	-30.3417	-6.4585085	5.0368524	-0.051539063	-29.981201	-3.1052175	1.2773197	1.1293874	-10.387878	5.881464	0.5945107	48849.34398651123
82	-74.46667	27.77617	-15.0	-100.0	0.4	0.16666667	0.06666667	-25.0	0.0	-25.0	-25.0	73.86667	26.0	51	-6.434251	5.040652	-0.048856016	-30.104399	-6.4338474	5.039956	-0.05682086	-31.137205	-3.0933962	1.2897515	1.0263615	-13.559096	5.8552775	0.59031487	49448.95490503311
83	-69.5	31.03412	-4.0	-100.0	0.53333336	0.23333333	0.2	-75.0	0.0	-75.0	-75.0	69.03333	75.0	86	-6.462743	5.0358963	-0.058662705	-30.32262	-6.4626536	5.0368156	-0.05410826	-30.140745	-3.096151	1.2806478	1.3619137	-13.274448	5.8901725	0.5853096	50021.43407583237
84	-81.8	20.548155	-9.0	-100.0	0.5	0.06666667	0.06666667	-23.0	0.0	-23.0	-23.0	81.3	24.0	69	-6.43064	5.002629	-0.05194639	-30.095251	-6.430664	5.0026236	-0.045012556	-30.26337	-3.1316547	1.2596155	1.0403743	-12.270371	5.8587613	0.6024778	50672.876578330994
85	-80.066666	22.9375	-8.0	-100.0	0.5	0.13333334	0.1	-55.0	0.0	-55.0	-55.0	79.566666	56.0	50	-6.455063	5.0163436	-0.04776579	-30.886086	-6.454932	5.01675	-0.055741787	-30.710304	-3.0966098	1.2790545	1.0273361	-12.681917	5.8816514	0.6127731	51319.05035686493
86	-69.46667	29.012337	-12.0	-100.0	0.53333336	0.2	0.13333334	-100.0	0.0	-100.0	-100.0	69.0	100.0	49	-6.452275	5.0026693	-0.037925433	-30.110008	-6.452393	5.002892	-0.0363172	-30.12599	-3.0785303	1.2955176	1.1147432	-12.078204	5.8756957	0.6013058	51901.7486038208
87	-66.4	29.932814	-6.0	-100.0	0.5	0.2	0.13333334	-22.0	0.0	-22.0	-22.0	65.9	23.0	99	-6.435845	5.0053163	-0.03864827	-31.457273	-6.4358873	5.004568	-0.043000408	-31.179161	-3.0837133	1.289558	1.3083296	-12.282765	5.8634715	0.6018158	52445.37146925926
88	-67.566666	29.823574	-8.0	-100.0	0.6	0.16666667	0.1	-21.0	0.0	-21.0	-21.0	67.166664	22.0	80	-6.4644094	4.9950876	-0.037188485	-30.594717	-6.464652	4.9945602	-0.03032533	-30.916845	-3.0942566	1.2840356	1.3839626	-13.934188	5.8938956	0.6008902	52998.377141952515
89	-70.26667	30.648472	-12.0	-100.0	0.26666668	0.3	0.2	-45.0	0.0	-45.0	-45.0	69.53333	46.0	59	-6.462226	4.9863567	-0.058072124	-30.515305	-6.462368	4.9860873	-0.037893727	-30.42886	-3.0968552	1.2792041	1.1658401	-13.703163	5.8983335	0.6260917	53571.920345783234
90	-68.166664	27.056833	-10.0	-100.0	0.56666666	0.13333334	0.1	-13.0	0.0	-13.0	-13.0	67.73333	14.0	99	-6.4761577	4.9971905	-0.04595619	-30.925905	-6.4760637	4.9972563	-0.018185936	-31.665026	-3.0797107	1.2894107	0.9593768	-12.084041	5.908816	0.6174228	54127.88531947136
91	-66.13333	26.940346	-19.0	-100.0	0.6	0.2	0.16666667	-20.0	0.0	-20.0	-20.0	65.73333	20.0	61	-6.4782863	4.9879513	-0.04106786	-30.857231	-6.4780726	4.9879284	-0.03237015	-30.361675	-3.06312	1.3021009	1.2737994	-11.830897	5.9057736	0.5986375	54669.570912361145
92	-70.96667	28.193949	-9.0	-100.0	0.46666667	0.2	0.13333334	-100.0	0.0	-100.0	-100.0	70.433334	100.0	99	-6.473348	4.9653645	-0.038101766	-30.882854	-6.4735274	4.96482	-0.022603419	-31.66806	-3.071165	1.3002677	1.0678816	-11.286574	5.9048305	0.610152	55263.0089867115
93	-71.6	23.444403	-9.0	-100.0	0.6	0.16666667	0.06666667	-100.0	0.0	-100.0	-100.0	71.2	100.0	59	-6.4755197	4.973738	-0.046931803	-30.270979	-6.4755144	4.973545	-0.024111226	-31.428009	-3.0477927	1.3085003	1.3100977	-11.65483	5.906374	0.6088824	55862.54298710823
94	-69.46667	29.609385	-8.0	-100.0	0.4	0.2	0.13333334	-25.0	0.0	-25.0	-25.0	68.86667	26.0	99	-6.449221	4.9491997	-0.041152894	-29.758717	-6.449245	4.9487677	-0.029235534	-29.998837	-3.0503893	1.3098398	1.0881023	-11.88453	5.884998	0.62787426	56427.17028260231
95	-62.5	32.98055	-9.0	-100.0	0.46666667	0.33333334	0.23333333	-21.0	0.0	-21.0	-21.0	61.966667	22.0	99	-6.415293	4.963817	-0.045227595	-31.265507	-6.4152427	4.96355	0.0027093664	-32.42061	-3.0385644	1.3129328	1.1603575	-11.9957695	5.8466396	0.60764444	56940.6075296402
96	-72.833336	22.409945	-16.0	-100.0	0.7	0.033333335	0.033333335	-18.0	0.0	-18.0	-18.0	72.53333	19.0	95	-6.415929	4.9467955	-0.0431173	-31.591791	-6.415974	4.9468155	-0.025095873	-31.743818	-3.0449212	1.3154771	1.1876907	-12.079508	5.8523088	0.6171917	57525.56392502785
97	-62.566666	26.724125	-10.0	-100.0	0.56666666	0.2	0.1	-36.0	0.0	-36.0	-36.0	62.133335	37.0	59	-6.4246445	4.9171185	-0.036271043	-32.53346	-6.42441	4.917472	-0.020583466	-33.591793	-3.0556455	1.3114713	1.0416012	-14.078904	5.865305	0.61415446	58045.86043167114
98	-64.03333	30.799873	-7.0	-100.0	0.56666666	0.16666667	0.1	-20.0	0.0	-20.0	-20.0	63.6	21.0	42	-6.4383225	4.9076343	-0.014907233	-32.160587	-6.4384556	4.907069	-0.03756523	-32.6588	-3.028726	1.3263215	1.1825366	-11.412292	5.874764	0.6184625	58573.10599088669
99	-55.366665	30.28364	-8.0	-100.0	0.43333334	0.43333334	0.3	-24.0	0.0	-24.0	-24.0	54.8	25.0	14	-6.3979425	4.8882594	-0.029499628	-31.916946	-6.3981533	4.888261	-0.03296366	-32.646214	-3.0231564	1.328228	1.1916857	-15.708702	5.8367057	0.62278044	59039.609880924225
100	-54.233334	34.34985	-8.0	-100.0	0.4	0.43333334	0.4	-63.0	0.0	-63.0	-63.0	53.633335	64.0	10	-6.3665924	4.8381963	-0.036436114	-31.532099	-6.366735	4.8376656	-0.029436782	-31.769403	-3.0146887	1.3279693	1.312933	-12.434773	5.804925	0.6182017	59504.045404195786
101	-67.333336	25.641548	-8.0	-100.0	0.6333333	0.13333334	0.1	-20.0	0.0	-20.0	-20.0	66.96667	21.0	57	-6.381222	4.827158	-0.018070675	-30.538776	-6.381224	4.8268037	-0.02231295	-32.489174	-3.045041	1.3177458	1.2418885	-12.055151	5.8236165	0.6247053	60055.61267876625
102	-66.26667	31.55306	-7.0	-100.0	0.46666667	0.23333333	0.1	-26.0	0.0	-26.0	-26.0	65.73333	27.0	99	-6.3369665	4.7699037	-0.045803577	-30.158142	-6.3370786	4.7696853	-0.037838973	-29.56284	-3.0237794	1.3195091	1.4070477	-11.856728	5.781951	0.6337682	60600.97346329689
103	-62.733334	31.621653	-7.0	-100.0	0.53333336	0.16666667	0.13333334	-32.0	0.0	-32.0	-32.0	62.266666	33.0	99	-6.336366	4.7860336	-0.02970618	-31.575504	-6.3367677	4.7851553	-0.022459917	-32.7899	-2.9929407	1.3401315	1.6096821	-11.665234	5.779222	0.6137061	61121.679127931595
104	-66.13333	27.893526	-10.0	-100.0	0.5	0.26666668	0.2	-100.0	0.0	-100.0	-100.0	65.63333	100.0	64	-6.329355	4.758465	-0.04763913	-31.019989	-6.3290696	4.758136	-0.018836021	-32.09433	-3.0291862	1.3208485	1.2526999	-11.458946	5.7835393	0.6453309	61679.730580329895
105	-67.666664	26.70123	-9.0	-100.0	0.6333333	0.13333334	0.06666667	-39.0	0.0	-39.0	-39.0	67.3	39.0	99	-6.3160686	4.7040915	-0.037557106	-31.739761	-6.315826	4.70428	-0.022508278	-31.208298	-3.0251157	1.324418	1.3120279	-11.208778	5.7654705	0.6392137	62237.529460668564
106	-69.7	26.069332	-8.0	-100.0	0.7	0.13333334	0.06666667	-36.0	0.0	-36.0	-36.0	69.4	37.0	93	-6.3138485	4.7051415	-0.03111114	-31.862902	-6.314195	4.704695	-0.025555626	-32.023193	-3.0008504	1.3409207	1.3488579	-11.007284	5.7645307	0.64824104	62809.532034397125
107	-69.0	29.141037	-8.0	-100.0	0.4	0.3	0.26666668	-28.0	0.0	-28.0	-28.0	68.4	29.0	52	-6.291389	4.6810894	-0.017113142	-31.108627	-6.2910304	4.6821237	-0.03498774	-30.692703	-3.0165987	1.3323087	1.6423755	-11.58601	5.748475	0.6418722	63372.58143401146
108	-57.366665	32.511005	-7.0	-100.0	0.5	0.33333334	0.23333333	-17.0	0.0	-17.0	-17.0	56.866665	18.0	57	-6.357176	4.6913385	-0.02528368	-30.521812	-6.3570213	4.6905503	-0.013381943	-31.608196	-2.9769113	1.3535416	1.5484276	-11.288568	5.8064666	0.6370513	63850.46812915802
109	-73.53333	26.979912	-17.0	-100.0	0.5	0.13333334	0.1	-19.0	0.0	-19.0	-19.0	73.03333	20.0	99	-6.3396077	4.6749167	-0.03043887	-30.9996	-6.33965	4.674944	-0.023491174	-30.72728	-2.9696937	1.3618857	1.3380294	-11.069442	5.7942	0.64379126	64443.9580745697
110	-77.36667	26.157833	-9.0	-100.0	0.53333336	0.06666667	0.033333335	-18.0	0.0	-18.0	-18.0	76.9	19.0	99	-6.306023	4.641869	-0.038921863	-30.399784	-6.3062816	4.6417327	-0.0034673512	-31.197771	-2.9832222	1.3493236	1.4041662	-12.618685	5.7673383	0.66113216	65067.30347061157
111	-64.2	25.43803	-9.0	-100.0	0.6	0.16666667	0.1	-46.0	0.0	-46.0	-46.0	63.8	47.0	99	-6.2929683	4.614654	-0.03647743	-29.551117	-6.292964	4.614748	-0.0064446107	-29.746305	-2.9771564	1.3522408	1.8171937	-14.613819	5.754951	0.64939404	65605.77672815323
112	-58.0	30.791775	-9.0	-100.0	0.6	0.26666668	0.16666667	-53.0	0.0	-53.0	-53.0	57.6	54.0	93	-6.309293	4.6008663	-0.0022753924	-29.147713	-6.309801	4.599719	-0.0066194087	-30.442625	-2.9787781	1.3528713	1.6524088	-11.4593525	5.774101	0.66137135	66097.03257203102
113	-68.666664	25.938818	-12.0	-100.0	0.6666667	0.13333334	0.1	-100.0	0.0	-100.0	-100.0	68.333336	100.0	48	-6.266013	4.5717177	-0.0134097785	-29.240717	-6.265815	4.5723953	-0.014313452	-28.973042	-2.9618826	1.3629452	1.5543725	-14.191631	5.737069	0.6762379	66678.03013205528
114	-67.46667	24.186405	-7.0	-100.0	0.6	0.26666668	0.06666667	-15.0	0.0	-15.0	-15.0	67.066666	16.0	81	-6.273791	4.557494	-0.01808732	-29.793177	-6.2734795	4.5574827	-0.011314243	-29.493639	-2.9469268	1.3769302	1.4035454	-10.719521	5.732211	0.6450731	67229.354626894
115	-73.3	27.10738	-14.0	-100.0	0.53333336	0.1	0.033333335	-20.0	0.0	-20.0	-20.0	72.833336	21.0	57	-6.2575145	4.570723	-0.015609354	-30.246763	-6.2575946	4.571229	-0.020355254	-30.005188	-2.9476507	1.3786436	1.8780904	-11.781643	5.721104	0.65566605	67820.2637951374
116	-70.066666	26.277916	-24.0	-100.0	0.6	0.13333334	0.1	-63.0	0.0	-63.0	-63.0	69.666664	64.0	53	-6.2528396	4.5461917	-0.018384717	-29.783344	-6.2530885	4.5463448	-0.012247704	-29.788677	-2.981905	1.3570595	1.3022509	-11.610899	5.719889	0.6624315	68400.45187592506
117	-70.96667	24.908476	-22.0	-100.0	0.6	0.13333334	0.06666667	-13.0	0.0	-13.0	-13.0	70.566666	14.0	99	-6.2576156	4.5131516	-0.01807525	-29.59022	-6.257435	4.5125637	-0.008944206	-28.710993	-2.9431307	1.383514	1.3910975	-12.168661	5.7220783	0.6543539	68974.63267469406
118	-71.63333	29.47709	-6.0	-100.0	0.5	0.16666667	0.13333334	-17.0	0.0	-17.0	-17.0	71.13333	18.0	99	-6.2393374	4.4911313	-0.017710984	-29.450987	-6.2393346	4.4913845	-0.013722822	-29.33097	-2.9861093	1.3516492	1.2781668	-11.557425	5.710434	0.6732436	69552.26540875435
119	-58.733334	30.0177	-9.0	-100.0	0.5	0.3	0.23333333	-21.0	0.0	-21.0	-21.0	58.233334	22.0	99	-6.2398086	4.466936	-0.019564658	-29.507845	-6.2397723	4.4669514	0.0082194805	-28.67734	-2.9493995	1.3782624	1.6259727	-11.628031	5.711583	0.6642328	70042.29307150841
120	-75.333336	24.284885	-23.0	-100.0	0.6	0.1	0.033333335	-22.0	0.0	-22.0	-22.0	74.933334	23.0	61	-6.2354918	4.463292	-0.0020576268	-30.33946	-6.235422	4.462383	0.011093222	-30.26769	-2.9552114	1.371739	1.445147	-13.250554	5.71169	0.68133414	70648.17406439781
121	-57.266666	30.403875	-8.0	-100.0	0.6	0.23333333	0.23333333	-20.0	0.0	-20.0	-20.0	56.866665	21.0	99	-6.2369924	4.4530807	-0.009288579	-30.092533	-6.236793	4.4529176	-0.007226199	-28.106491	-2.932918	1.3880227	1.5720706	-11.436378	5.715195	0.688612	71129.30543541908
122	-52.333332	29.17	-9.0	-100.0	0.56666666	0.33333334	0.3	-12.0	0.0	-12.0	-12.0	51.9	13.0	66	-6.221074	4.4275923	-0.03215518	-29.643875	-6.221259	4.4269743	-0.006381437	-28.660122	-2.9588945	1.3717399	1.7832212	-13.257465	5.6991315	0.68349	71570.56682944298
123	-69.566666	26.792639	-10.0	-100.0	0.6	0.16666667	0.06666667	-24.0	0.0	-24.0	-24.0	69.166664	25.0	87	-6.252566	4.4313993	-0.0010770634	-29.4556	-6.2523513	4.431332	-0.0011628345	-28.280006	-2.9526277	1.3780152	1.6899166	-10.990934	5.7372456	0.6901229	72136.37322473526
124	-66.833336	29.01963	-9.0	-100.0	0.6	0.16666667	0.1	-100.0	0.0	-100.0	-100.0	66.433334	100.0	57	-6.2717466	4.41986	0.014456786	-30.487453	-6.2719793	4.4191437	-0.0048446804	-29.134577	-2.9489768	1.3742574	1.5882721	-11.432135	5.7608466	0.700569	72700.41854858398
125	-59.233334	30.21885	-10.0	-100.0	0.56666666	0.3	0.16666667	-49.0	0.0	-49.0	-49.0	58.8	50.0	27	-6.2950144	4.4157753	-0.0023122057	-29.61003	-6.294658	4.416623	-0.0039640963	-28.38743	-2.9255376	1.3944548	1.6097417	-11.223734	5.779844	0.7046018	73201.6461250782
126	-68.76667	29.788906	-8.0	-100.0	0.46666667	0.2	0.16666667	-22.0	0.0	-22.0	-22.0	68.23333	23.0	74	-6.261811	4.3854365	-0.000806205	-29.860735	-6.2622414	4.385471	0.00084608793	-28.714563	-2.8998046	1.409314	1.6625538	-11.109849	5.749476	0.70735025	73761.608553648
127	-60.433334	30.257435	-8.0	-100.0	0.53333336	0.26666668	0.2	-40.0	0.0	-40.0	-40.0	59.966667	41.0	37	-6.2842693	4.412857	0.027495734	-29.671707	-6.284243	4.412117	0.0203809	-27.981714	-2.9449272	1.3907499	2.0182188	-12.376628	5.7705975	0.7034401	74266.05978345871
128	-65.23333	26.409195	-11.0	-100.0	0.6666667	0.1	0.1	-100.0	0.0	-100.0	-100.0	64.9	100.0	16	-6.2728314	4.419756	-0.00075922906	-28.217972	-6.2727423	4.419686	-0.005415663	-27.037033	-2.889075	1.4145582	2.154491	-13.913723	5.7543654	0.6953483	74820.31739544868
129	-64.76667	29.452427	-8.0	-100.0	0.56666666	0.16666667	0.06666667	-19.0	0.0	-19.0	-19.0	64.333336	20.0	99	-6.272489	4.418478	-0.01434283	-28.204872	-6.27244	4.4180818	0.00028004497	-28.389177	-2.940643	1.3902498	1.8043003	-12.298233	5.7633977	0.69946414	75352.74073433876
130	-66.666664	27.216825	-9.0	-100.0	0.6	0.06666667	0.033333335	-18.0	0.0	-18.0	-18.0	66.26667	19.0	30	-6.2926073	4.3891826	-0.016277857	-29.166372	-6.2927513	4.3893356	0.0035122856	-28.46169	-2.939274	1.39162	1.9152908	-11.939762	5.783326	0.7042746	75898.95825719833
131	-65.3	28.919601	-10.0	-100.0	0.5	0.26666668	0.23333333	-29.0	0.0	-29.0	-29.0	64.8	30.0	18	-6.2961993	4.3750763	-0.0070035905	-26.98905	-6.2959523	4.3750205	-0.010230541	-26.711159	-2.9175406	1.4064537	1.8527639	-11.295126	5.788373	0.7252597	76436.55654478073
132	-68.2	24.972519	-28.0	-100.0	0.53333336	0.16666667	0.1	-27.0	0.0	-27.0	-27.0	67.73333	28.0	54	-6.283348	4.3615003	0.00026593357	-28.359428	-6.283446	4.3622456	-0.007453382	-27.608437	-2.9131	1.4004372	1.7145109	-12.486565	5.775473	0.7099565	76995.91805005074
133	-68.933334	27.126781	-7.0	-100.0	0.6333333	0.13333334	0.06666667	-17.0	0.0	-17.0	-17.0	68.566666	18.0	38	-6.306632	4.374304	0.0057077482	-28.436136	-6.3067417	4.3732753	0.0063124895	-27.920975	-2.9511986	1.380129	1.5210481	-13.421353	5.8018126	0.7197496	77555.77030515671
134	-64.46667	28.95368	-8.0	-100.0	0.53333336	0.26666668	0.13333334	-22.0	0.0	-22.0	-22.0	64.0	23.0	78	-6.344646	4.3657374	0.013492987	-27.976254	-6.3444133	4.365595	-0.012315176	-27.137777	-2.8989196	1.4203805	1.9438324	-13.414177	5.8384414	0.71888083	78085.99015212059
135	-55.7	30.312979	-8.0	-100.0	0.56666666	0.2	0.2	-100.0	0.0	-100.0	-100.0	55.266666	100.0	99	-6.32411	4.3589354	0.04703316	-27.466255	-6.32416	4.359154	0.003904231	-27.723715	-2.9149263	1.4046445	1.6346035	-12.5293255	5.8164454	0.7193749	78572.18532466888
136	-55.333332	30.796463	-8.0	-100.0	0.53333336	0.26666668	0.26666668	-100.0	0.0	-100.0	-100.0	54.866665	100.0	12	-6.311917	4.37554	-0.008786209	-28.819319	-6.3119755	4.3761377	0.0082593635	-28.098335	-2.9083369	1.4163527	2.2711816	-11.807779	5.8052545	0.70027834	79053.41457629204
137	-66.46667	30.010813	-7.0	-100.0	0.53333336	0.2	0.13333334	-18.0	0.0	-18.0	-18.0	66.0	19.0	45	-6.306226	4.3593774	0.03986056	-27.328678	-6.3060284	4.3597007	0.004351981	-26.55455	-2.9197345	1.3974954	2.039803	-13.137421	5.8054047	0.7224448	79597.12948727608
138	-56.1	27.475262	-8.0	-100.0	0.6	0.26666668	0.16666667	-16.0	0.0	-16.0	-16.0	55.7	17.0	86	-6.313954	4.364274	0.025233962	-27.586761	-6.3144703	4.3635635	0.017126366	-27.44742	-2.9142802	1.4014553	1.5942318	-12.205377	5.812349	0.719931	80069.79388070107
139	-69.46667	22.579834	-26.0	-100.0	0.7	0.06666667	0.033333335	-15.0	0.0	-15.0	-15.0	69.166664	16.0	99	-6.3427587	4.3737135	0.005470678	-28.094757	-6.3427887	4.3745885	-0.0025815368	-27.348158	-2.9016113	1.4201964	2.0404644	-12.94895	5.8400626	0.71430326	80635.19285416603
140	-57.233334	26.87959	-8.0	-100.0	0.6666667	0.2	0.13333334	-28.0	0.0	-28.0	-28.0	56.9	29.0	46	-6.326817	4.356722	0.00950066	-27.487823	-6.326439	4.356016	0.0032452047	-27.872927	-2.9219115	1.4016931	1.8329391	-12.190983	5.8326344	0.72839546	81118.63415265083
141	-66.5	32.2343	-6.0	-100.0	0.46666667	0.23333333	0.23333333	-32.0	0.0	-32.0	-32.0	65.96667	33.0	50	-6.323485	4.359957	0.018714577	-27.575314	-6.323488	4.3601227	0.027457811	-27.571457	-2.8930037	1.4171821	1.8635144	-11.862667	5.816538	0.7112336	81663.43296766281
142	-59.9	25.839699	-7.0	-100.0	0.6666667	0.13333334	0.1	-21.0	0.0	-21.0	-21.0	59.566666	22.0	57	-6.344447	4.3536777	0.026115522	-27.516417	-6.344321	4.353594	-0.014953554	-27.083725	-2.902422	1.4245912	2.1469364	-11.3463	5.8421288	0.71706706	82164.15598988533
143	-59.7	25.755455	-8.0	-100.0	0.6666667	0.23333333	0.13333334	-17.0	0.0	-17.0	-17.0	59.366665	18.0	50	-6.367968	4.350803	0.038510308	-28.028	-6.3681426	4.351027	-0.007194355	-27.148317	-2.9085095	1.4159892	2.005276	-12.72976	5.8687496	0.7187585	82661.64442205429
144	-64.933334	27.29949	-17.0	-100.0	0.7	0.06666667	0.06666667	-100.0	0.0	-100.0	-100.0	64.63333	100.0	66	-6.352522	4.3565845	0.023732051	-27.397284	-6.3526278	4.356858	-0.0038072616	-26.471746	-2.8911498	1.4277529	2.1224923	-11.814699	5.850754	0.72206014	83213.83436012268
145	-65.6	27.280762	-8.0	-100.0	0.56666666	0.23333333	0.23333333	-17.0	0.0	-17.0	-17.0	65.166664	18.0	57	-6.376932	4.357886	0.054675654	-25.59749	-6.3768954	4.358206	0.0030480027	-25.74358	-2.918565	1.4211036	1.781219	-10.84506	5.8740973	0.71470904	83753.78607273102
146	-66.2	27.309828	-8.0	-100.0	0.6333333	0.16666667	0.16666667	-31.0	0.0	-31.0	-31.0	65.833336	32.0	27	-6.380404	4.3595324	0.011975616	-24.67554	-6.3803	4.3599725	-0.005893491	-25.224195	-2.9046109	1.4228207	1.8649542	-10.991688	5.877598	0.7238696	84299.3120598793
147	-62.033333	32.205055	-7.0	-100.0	0.53333336	0.2	0.16666667	-63.0	0.0	-63.0	-63.0	61.566666	64.0	47	-6.36722	4.366429	0.010786265	-24.072588	-6.36707	4.3662424	0.019640118	-24.229197	-2.912195	1.4166297	1.8603735	-12.180843	5.866108	0.7174896	84822.12294745445
148	-62.533333	22.210709	-9.0	-100.0	0.8	0.1	0.033333335	-19.0	0.0	-19.0	-19.0	62.333332	20.0	59	-6.3971286	4.3574862	-0.0031594783	-23.982735	-6.396926	4.357689	0.03378558	-24.007948	-2.8917854	1.4255066	2.8367026	-11.931648	5.8961434	0.72393984	85341.31628632545
149	-67.433334	24.964886	-14.0	-100.0	0.6333333	0.1	0.1	-12.0	0.0	-12.0	-12.0	67.066666	13.0	13	-6.4282427	4.3670526	0.02935481	-23.07722	-6.4285784	4.366452	0.025556996	-23.496288	-2.9300299	1.4110122	2.1950936	-11.398098	5.934256	0.7447378	85891.42000246048
150	-58.533333	26.011192	-9.0	-100.0	0.7	0.2	0.2	-12.0	0.0	-12.0	-12.0	58.233334	13.0	62	-6.4185615	4.3576555	0.043078333	-23.857594	-6.418627	4.3580213	0.00849846	-23.842787	-2.886073	1.4380599	1.9879284	-10.814215	5.921579	0.74156237	86380.4728717804
151	-58.333332	27.847603	-8.0	-100.0	0.53333336	0.3	0.23333333	-23.0	0.0	-23.0	-23.0	57.866665	24.0	49	-6.433115	4.388153	0.03617616	-23.423283	-6.4334197	4.388016	-0.0018042624	-23.924911	-2.883359	1.4342263	2.173883	-10.805115	5.9337287	0.73639524	86868.36154079437
152	-64.03333	29.326307	-10.0	-100.0	0.5	0.23333333	0.23333333	-19.0	0.0	-19.0	-19.0	63.533333	20.0	62	-6.4502444	4.399098	0.036939755	-24.397331	-6.4498863	4.398756	0.003036961	-24.887	-2.8700638	1.4432049	3.3528183	-12.370024	5.952812	0.72664124	87395.40236282349
153	-54.1	26.098978	-8.0	-100.0	0.6333333	0.23333333	0.16666667	-17.0	0.0	-17.0	-17.0	53.733334	18.0	66	-6.408551	4.4088473	0.024368852	-23.452408	-6.408812	4.408721	0.011634633	-23.805805	-2.866293	1.4478694	2.0353665	-11.57107	5.911339	0.7311764	87851.43046331406
154	-57.933334	27.85191	-8.0	-100.0	0.6333333	0.26666668	0.23333333	-14.0	0.0	-14.0	-14.0	57.566666	15.0	77	-6.4319777	4.427595	0.010622114	-23.36811	-6.431972	4.427508	-0.008829191	-24.113756	-2.8732147	1.436982	2.0922253	-13.19551	5.9357767	0.71927774	88333.6532087326
155	-58.033333	31.631718	-7.0	-100.0	0.53333336	0.33333334	0.33333334	-18.0	0.0	-18.0	-18.0	57.566666	19.0	12	-6.3993497	4.4208503	0.048942596	-23.55544	-6.399293	4.4209247	0.013519779	-23.764133	-2.9087663	1.423407	1.9892409	-11.406129	5.901099	0.71525294	88818.68438339233
156	-61.633335	29.852398	-7.0	-100.0	0.53333336	0.23333333	0.16666667	-100.0	0.0	-100.0	-100.0	61.166668	100.0	43	-6.3913856	4.40339	0.021438584	-23.17105	-6.3914866	4.4025865	0.0118981	-23.278055	-2.9054737	1.4250195	2.0917377	-11.122832	5.891261	0.7071576	89344.06826353073
157	-59.4	28.545403	-8.0	-100.0	0.6333333	0.2	0.13333334	-27.0	0.0	-27.0	-27.0	59.033333	28.0	99	-6.404879	4.3867874	0.06823574	-23.674025	-6.405145	4.386222	-0.0026107281	-24.192242	-2.942901	1.4000404	1.9718921	-11.8818655	5.9148307	0.7353844	89840.47166156769
158	-71.53333	28.240318	-7.0	-100.0	0.53333336	0.13333334	0.1	-25.0	0.0	-25.0	-25.0	71.066666	26.0	83	-6.4491763	4.3955235	0.045623258	-23.671495	-6.449024	4.3957543	0.007970557	-24.302956	-2.9304829	1.4031762	1.9722791	-11.474297	5.9545207	0.7444682	90421.7041964531
159	-72.4	26.716536	-9.0	-100.0	0.53333336	0.16666667	0.13333334	-17.0	0.0	-17.0	-17.0	71.933334	18.0	64	-6.4682636	4.404898	0.020277545	-23.399378	-6.4683805	4.4043503	0.017951965	-23.289816	-2.89468	1.4303795	2.2073152	-11.684494	5.972115	0.72459453	91007.85411500931
160	-68.566666	29.011127	-8.0	-100.0	0.6	0.16666667	0.13333334	-17.0	0.0	-17.0	-17.0	68.166664	17.0	99	-6.463653	4.405271	0.058609977	-22.490152	-6.463507	4.405477	0.024362579	-22.373919	-2.9139855	1.4239537	2.2365656	-12.010922	5.9688954	0.73851013	91564.86562824249
161	-66.96667	26.264658	-9.0	-100.0	0.6333333	0.2	0.2	-95.0	0.0	-95.0	-95.0	66.6	96.0	8	-6.499802	4.4224467	0.047718108	-23.23196	-6.4997277	4.421578	0.019087583	-23.50506	-2.90021	1.4333667	2.1078515	-15.382152	6.002412	0.72136045	92131.5265147686
162	-64.2	31.967068	-10.0	-100.0	0.53333336	0.2	0.2	-100.0	0.0	-100.0	-100.0	63.733334	100.0	82	-6.4735026	4.4113007	0.049067438	-23.396235	-6.4735303	4.411183	0.046608776	-23.35857	-2.8976557	1.4313067	2.0497766	-13.536985	5.9762597	0.72874105	92675.78999328613
163	-63.3	33.13724	-8.0	-100.0	0.46666667	0.3	0.3	-16.0	0.0	-16.0	-16.0	62.766666	17.0	99	-6.4915066	4.4200344	0.057194725	-23.141535	-6.4913735	4.419927	0.032325745	-23.584957	-2.915568	1.4203396	2.3479023	-13.217327	5.998609	0.73421305	93192.54086017609
164	-72.8	24.74456	-17.0	-100.0	0.53333336	0.13333334	0.13333334	-15.0	0.0	-15.0	-15.0	72.333336	16.0	62	-6.5112867	4.397769	0.026646703	-23.695688	-6.510678	4.3974934	0.006939903	-23.690536	-2.933657	1.4047881	2.4130535	-11.987042	6.022975	0.7587335	93779.2302441597
165	-59.9	29.560503	-8.0	-100.0	0.6333333	0.23333333	0.16666667	-15.0	0.0	-15.0	-15.0	59.533333	16.0	75	-6.512044	4.4193363	0.039356858	-22.010988	-6.5125	4.419028	0.086018786	-21.92296	-2.8656068	1.4569519	2.3545756	-11.948551	6.0132604	0.7383942	94276.74090123177
166	-67.4	21.937181	-11.0	-100.0	0.73333335	0.13333334	0.06666667	-25.0	0.0	-25.0	-25.0	67.13333	26.0	79	-6.5537405	4.4502263	0.027564466	-23.479307	-6.5535083	4.4506693	0.04824002	-23.668036	-2.906839	1.4330199	1.7341144	-12.875103	6.0627136	0.74370456	94830.09563279152
167	-68.333336	29.381777	-9.0	-100.0	0.6	0.13333334	0.13333334	-17.0	0.0	-17.0	-17.0	67.933334	18.0	99	-6.5446963	4.432275	0.03795573	-23.455114	-6.544811	4.431882	0.032994583	-24.123865	-2.910831	1.4298847	2.4142408	-12.139786	6.0526524	0.7443645	95387.89637303352
168	-64.63333	26.974659	-8.0	-100.0	0.6	0.26666668	0.13333334	-22.0	0.0	-22.0	-22.0	64.23333	22.0	57	-6.5709376	4.450244	0.05179356	-23.156364	-6.570942	4.450617	0.06461975	-24.221375	-2.89822	1.432579	2.217587	-10.908035	6.0807757	0.7467575	95918.67863154411
169	-59.3	24.175953	-8.0	-100.0	0.73333335	0.2	0.16666667	-15.0	0.0	-15.0	-15.0	59.033333	16.0	70	-6.5790014	4.4560704	0.07449286	-22.102438	-6.579275	4.455095	0.046686843	-22.57716	-2.9497063	1.3991249	2.487241	-10.730345	6.0917015	0.7497736	96414.42153429985
170	-69.36667	24.15158	-19.0	-100.0	0.73333335	0.06666667	0.033333335	-14.0	0.0	-14.0	-14.0	69.1	15.0	53	-6.565049	4.4457836	0.09766862	-22.813562	-6.5648785	4.4456334	0.03578703	-22.664968	-2.8957	1.4334177	2.5834744	-12.81561	6.0703406	0.7465247	96978.15406870842
171	-59.0	31.161942	-7.0	-100.0	0.46666667	0.33333334	0.23333333	-13.0	0.0	-13.0	-13.0	58.466667	14.0	99	-6.5619845	4.4649563	0.046795964	-23.572021	-6.562282	4.4645786	0.02210468	-23.880278	-2.8930306	1.4401897	2.222021	-10.841708	6.074048	0.73675275	97479.18932580948
172	-57.533333	28.306341	-8.0	-100.0	0.6	0.3	0.2	-7.0	0.0	-7.0	-7.0	57.133335	7.0	86	-6.5889506	4.46691	0.055630654	-22.919847	-6.588759	4.467456	0.061726928	-23.268991	-2.8949132	1.4472966	2.4457774	-13.957624	6.0953846	0.7319975	97956.98581385612
173	-55.3	29.023153	-6.0	-100.0	0.6333333	0.2	0.16666667	-6.0	0.0	-6.0	-6.0	54.933334	6.0	41	-6.595935	4.471782	0.075107604	-23.16451	-6.5964394	4.4716477	0.04509078	-23.24269	-2.8614326	1.467604	2.3813	-11.237605	6.10313	0.7316812	98417.86742162704
174	-59.666668	28.074108	-8.0	-100.0	0.6	0.23333333	0.2	-11.0	0.0	-11.0	-11.0	59.266666	12.0	75	-6.6157293	4.4868565	0.068404704	-22.018986	-6.615567	4.486084	0.054707468	-22.604671	-2.9307878	1.421744	2.020524	-12.924386	6.1248317	0.7370991	98911.16509389877
175	-57.933334	26.149485	-10.0	-100.0	0.6666667	0.23333333	0.2	-23.0	0.0	-23.0	-23.0	57.6	24.0	69	-6.6357455	4.4974704	0.06860633	-23.805283	-6.6357436	4.496987	0.05241792	-24.248604	-2.859695	1.4635136	2.3514566	-11.511639	6.1417637	0.7336624	99399.12351632118
176	-62.166668	29.326988	-7.0	-100.0	0.56666666	0.23333333	0.23333333	-13.0	0.0	-13.0	-13.0	61.733334	14.0	77	-6.5802464	4.468894	0.03362876	-23.14254	-6.5797825	4.4692593	0.050980285	-23.534355	-2.8765528	1.4525094	2.4509501	-11.338598	6.0941105	0.7481211	99909.73647165298
177	-51.866665	27.929356	-8.0	-100.0	0.56666666	0.4	0.3	-16.0	0.0	-16.0	-16.0	51.433334	17.0	99	-6.6149826	4.5060015	0.06532362	-23.077665	-6.614791	4.5067077	0.062816426	-24.11472	-2.859998	1.4511096	2.271184	-11.443378	6.122355	0.7329228	100348.73011493683
178	-67.5	23.955166	-11.0	-100.0	0.8	0.06666667	0.06666667	-24.0	0.0	-24.0	-24.0	67.3	25.0	93	-6.612067	4.5031805	0.04358688	-23.944439	-6.6124024	4.503348	0.060218066	-24.229177	-2.906601	1.4255084	2.2865772	-11.435539	6.1266894	0.7357671	100904.42042279243
179	-63.966667	27.759062	-7.0	-100.0	0.5	0.23333333	0.16666667	-37.0	0.0	-37.0	-37.0	63.466667	38.0	31	-6.6541333	4.498685	0.06918126	-23.251207	-6.6540027	4.4988184	0.046667546	-23.658642	-2.9397738	1.4172347	2.2429152	-13.153226	6.1690073	0.7422092	101432.72275924683
180	-64.6	28.443628	-10.0	-100.0	0.6666667	0.06666667	0.06666667	-100.0	0.0	-100.0	-100.0	64.26667	100.0	9	-6.649493	4.5019445	0.06614719	-23.738897	-6.6492314	4.5024714	0.028512537	-24.171282	-2.9143946	1.427883	2.0245318	-10.782743	6.1657577	0.7577534	101983.00081419945
181	-62.6	24.786556	-12.0	-100.0	0.76666665	0.1	0.1	-21.0	0.0	-21.0	-21.0	62.366665	22.0	93	-6.658827	4.499581	0.09956099	-22.669186	-6.6587353	4.4991536	0.071360916	-22.660776	-2.9362864	1.415613	2.2605526	-11.160475	6.179525	0.768561	102501.44826626778
182	-66.2	28.78819	-9.0	-100.0	0.6666667	0.13333334	0.1	-18.0	0.0	-18.0	-18.0	65.86667	19.0	99	-6.677952	4.5052056	0.06429741	-23.51991	-6.6783137	4.5041184	0.06238018	-24.057093	-2.9092586	1.432041	1.987809	-16.1492	6.195178	0.7531134	103044.84981274605
183	-61.066666	29.176401	-9.0	-100.0	0.56666666	0.23333333	0.2	-11.0	0.0	-11.0	-11.0	60.633335	12.0	59	-6.6866326	4.514125	0.05945474	-22.605286	-6.68676	4.5132003	0.045834273	-22.521849	-2.9168823	1.4292496	2.1039975	-11.722475	6.197805	0.75307375	103547.56544089317
184	-67.36667	22.967344	-7.0	-100.0	0.73333335	0.13333334	0.1	-14.0	0.0	-14.0	-14.0	67.1	15.0	99	-6.7166343	4.502622	0.09123407	-23.458975	-6.7165737	4.5022473	0.071453944	-23.952906	-2.9194815	1.4326994	2.1033006	-12.483944	6.235	0.74894637	104099.55591320992
185	-57.433334	27.4356	-10.0	-100.0	0.6666667	0.2	0.13333334	-27.0	0.0	-27.0	-27.0	57.1	28.0	33	-6.747371	4.526748	0.061615184	-23.461315	-6.7471814	4.5271273	0.07079269	-24.142681	-2.920374	1.4301229	2.3851595	-11.727725	6.26395	0.7674369	104584.4938545227
186	-66.53333	27.245468	-10.0	-100.0	0.6333333	0.16666667	0.16666667	-8.0	0.0	-8.0	-8.0	66.166664	8.0	70	-6.720663	4.541436	0.07332112	-24.274597	-6.721049	4.5408373	0.06636335	-24.359392	-2.8772917	1.4543633	2.1047692	-11.586335	6.2337184	0.73770374	105129.24188780785
187	-71.3	24.70108	-19.0	-100.0	0.56666666	0.2	0.16666667	-17.0	0.0	-17.0	-17.0	70.86667	18.0	89	-6.7155776	4.5489287	0.099400416	-23.477165	-6.7150946	4.549413	0.07551867	-23.88902	-2.8721178	1.4518864	2.4345279	-12.33713	6.22461	0.72981495	105706.9527683258
188	-61.133335	28.477749	-10.0	-100.0	0.6	0.2	0.16666667	-15.0	0.0	-15.0	-15.0	60.733334	16.0	79	-6.7156425	4.535769	0.103761524	-23.80878	-6.7156754	4.5356684	0.12103093	-22.988106	-2.8917403	1.4431845	1.9738026	-14.8676815	6.230858	0.7431929	106213.37059283257
189	-57.933334	25.422998	-9.0	-100.0	0.73333335	0.13333334	0.13333334	-35.0	0.0	-35.0	-35.0	57.666668	36.0	64	-6.727382	4.547829	0.051309735	-23.451323	-6.727488	4.548203	0.08599816	-23.636799	-2.9255338	1.4247732	2.2883992	-11.116106	6.244955	0.73772043	106703.21676039696
190	-65.333336	30.231697	-8.0	-100.0	0.53333336	0.16666667	0.13333334	-19.0	0.0	-19.0	-19.0	64.86667	20.0	99	-6.74321	4.561865	0.08150481	-23.374218	-6.743342	4.5611367	0.09969173	-23.735336	-2.9002407	1.4425399	2.27534	-11.766312	6.2560444	0.72907203	107237.52675652504
191	-62.9	32.13653	-8.0	-100.0	0.6	0.23333333	0.2	-22.0	0.0	-22.0	-22.0	62.5	23.0	99	-6.736318	4.5572567	0.09721993	-23.093113	-6.736124	4.558153	0.08959873	-23.210361	-2.9039292	1.4437417	2.5612473	-11.650535	6.250983	0.74513805	107755.18073320389
192	-67.76667	24.459057	-19.0	-100.0	0.6666667	0.13333334	0.1	-10.0	0.0	-10.0	-10.0	67.433334	11.0	47	-6.747812	4.5428853	0.08922741	-22.862389	-6.748081	4.542556	0.08547306	-23.290127	-2.9080315	1.4419051	2.2532496	-11.460892	6.262042	0.7377658	108305.39940786362
193	-64.566666	30.940464	-9.0	-100.0	0.56666666	0.16666667	0.16666667	-16.0	0.0	-16.0	-16.0	64.13333	16.0	99	-6.748189	4.544366	0.07210232	-23.773994	-6.7484765	4.5436783	0.084406674	-23.398054	-2.8926585	1.4500561	2.9619195	-12.0956335	6.2627993	0.75217485	108836.30814528465
194	-64.933334	28.131754	-19.0	-100.0	0.6	0.13333334	0.06666667	-18.0	0.0	-18.0	-18.0	64.53333	19.0	99	-6.7738094	4.5454693	0.079273015	-22.825035	-6.773814	4.5455556	0.058824927	-23.081623	-2.9102855	1.4355584	2.2616336	-10.054216	6.290284	0.74872833	109371.71778225899
195	-48.7	28.32096	-6.0	-100.0	0.6	0.3	0.23333333	-41.0	0.0	-41.0	-41.0	48.3	42.0	26	-6.760411	4.5601935	0.07931754	-24.023962	-6.7605524	4.5599613	0.08685607	-24.001266	-2.8863504	1.4552451	2.338523	-11.964043	6.2755475	0.757013	109794.91925239563
196	-65.4	30.26395	-9.0	-100.0	0.56666666	0.16666667	0.1	-100.0	0.0	-100.0	-100.0	64.96667	100.0	38	-6.7868567	4.5802293	0.103477776	-23.56846	-6.786736	4.580123	0.06800842	-23.283329	-2.9034126	1.4551975	2.6770809	-12.461073	6.294932	0.72667295	110350.3016614914
197	-53.466667	22.570974	-8.0	-100.0	0.73333335	0.23333333	0.13333334	-21.0	0.0	-21.0	-21.0	53.2	22.0	82	-6.7963686	4.5758977	0.07409157	-23.465515	-6.7963824	4.5754538	0.031812742	-24.117104	-2.9052887	1.4511644	2.4543467	-11.086949	6.3101954	0.74484736	110804.34754753113
198	-56.633335	28.041021	-11.0	-100.0	0.6	0.3	0.16666667	-23.0	0.0	-23.0	-23.0	56.233334	24.0	46	-6.7654967	4.574387	0.06441562	-22.805235	-6.7654953	4.575077	0.13587525	-22.711803	-2.9108036	1.4357525	2.165887	-11.69842	6.279205	0.73827934	111280.47032880783
199	-67.73333	25.561604	-10.0	-100.0	0.6666667	0.13333334	0.1	-34.0	0.0	-34.0	-34.0	67.4	35.0	94	-6.777111	4.584692	0.06305359	-23.114494	-6.7768617	4.584068	0.045858815	-23.529367	-2.8671584	1.468017	2.512224	-12.758599	6.288085	0.735027	111839.60224366188
