Epoch	AverageEpRet	StdEpRet	MaxEpRet	MinEpRet	GoalReached	Collided	CriticallyCollided	AverageTestEpRet	StdTestEpRet	MaxTestEpRet	MinTestEpRet	EpLen	TestEpLen	TotalEnvInteracts	AverageQ1Vals	StdQ1Vals	MaxQ1Vals	MinQ1Vals	AverageQ2Vals	StdQ2Vals	MaxQ2Vals	MinQ2Vals	AverageLogPi	StdLogPi	MaxLogPi	MinLogPi	LossPi	LossQ	Time
0	-95.26667	18.448004	-9.0	-100.0	0.0	0.06666667	0.0	-100.0	0.0	-100.0	-100.0	94.26667	100.0	99	-0.38070667	0.15181029	0.10888461	-0.7228176	-0.38498583	0.14162025	0.019733813	-0.7110848	-4.0964613	0.30478048	-1.9266758	-9.448381	-0.4299225	0.02578567	716.1457312107086
1	-92.666664	22.869678	-8.0	-100.0	0.0	0.1	0.033333335	-100.0	0.0	-100.0	-100.0	91.666664	100.0	99	-0.9915311	0.23842396	-0.41737455	-1.7546781	-0.9915813	0.2389529	-0.4136179	-1.7577488	-4.0978184	0.28686753	-3.1702576	-9.431121	0.18258098	0.09917912	1441.2939097881317
2	-91.933334	21.739264	-7.0	-100.0	0.0	0.13333334	0.0	-100.0	0.0	-100.0	-100.0	90.933334	100.0	53	-1.6659857	0.32421714	-0.6240511	-3.4785614	-1.6660596	0.32567063	-0.65616155	-2.8799055	-4.0980415	0.2912259	-3.0877295	-10.856194	0.86724883	0.23959027	2160.0556778907776
3	-94.26667	15.819679	-39.0	-100.0	0.0	0.13333334	0.0	-50.0	0.0	-50.0	-50.0	93.26667	50.0	99	-2.2393694	0.5305077	-0.6420029	-3.9724205	-2.2394617	0.5336038	-0.66322404	-3.9733622	-4.0916533	0.31453767	-2.801436	-8.566436	1.457248	0.37690037	2886.790979862213
4	-90.73333	25.014574	-7.0	-100.0	0.0	0.13333334	0.0	-50.0	0.0	-50.0	-50.0	89.73333	50.0	99	-2.74964	0.8320591	-0.6814502	-5.091431	-2.749685	0.8337052	-0.67284936	-5.189758	-4.0877676	0.3279946	-2.6011453	-10.338111	1.9933517	0.4714446	3587.414345264435
5	-88.96667	23.265831	-10.0	-100.0	0.0	0.2	0.0	-50.0	0.0	-50.0	-50.0	87.96667	50.0	99	-3.2438278	1.1648307	-0.6508743	-6.198472	-3.2440474	1.1657367	-0.6028124	-6.3744545	-4.049771	0.42006135	-2.0782576	-11.325653	2.506703	0.5509302	4280.884277105331
6	-95.23333	18.008669	-9.0	-100.0	0.0	0.16666667	0.0	-9.0	0.0	-9.0	-9.0	94.23333	9.0	99	-3.5992036	1.4979465	-0.6981746	-7.163979	-3.5992467	1.4988503	-0.6261545	-7.2975435	-3.924954	0.62125814	-1.7844005	-9.937944	2.8452802	0.6064273	5005.928083896637
7	-91.96667	16.734163	-53.0	-100.0	0.0	0.2	0.0	-9.0	0.0	-9.0	-9.0	90.96667	9.0	99	-3.7959025	1.8269298	-0.669641	-8.387921	-3.796035	1.8270006	-0.60253096	-8.108974	-3.8233595	0.73898166	-0.9694748	-11.45899	3.0201745	0.58917564	5710.307042837143
8	-93.933334	15.290375	-53.0	-100.0	0.0	0.2	0.0	-100.0	0.0	-100.0	-100.0	92.933334	100.0	99	-3.9277222	2.1305678	-0.63229346	-9.19956	-3.92778	2.1299694	-0.49936205	-9.040861	-3.7642593	0.794183	-0.75515556	-9.472885	3.1405187	0.5438861	6446.6720769405365
9	-93.8	19.468609	-9.0	-100.0	0.0	0.13333334	0.0	-53.0	0.0	-53.0	-53.0	92.8	53.0	99	-4.0735545	2.4325209	-0.55487406	-10.386149	-4.0735526	2.4326777	-0.47452205	-10.448888	-3.7613611	0.798365	-0.6906662	-11.023418	3.292998	0.5361029	7176.387778997421
10	-85.9	31.976398	-6.0	-100.0	0.0	0.26666668	0.0	-55.0	0.0	-55.0	-55.0	84.9	55.0	99	-4.269452	2.7447278	-0.5198792	-11.227039	-4.2694016	2.7450225	-0.45985895	-11.3841305	-3.7498813	0.81512976	-0.66160583	-11.570854	3.4939027	0.50710213	7855.082944154739
11	-98.333336	8.063635	-55.0	-100.0	0.0	0.13333334	0.0	-100.0	0.0	-100.0	-100.0	97.333336	100.0	99	-4.4457035	3.0254154	-0.48680058	-12.060785	-4.4460797	3.0252035	-0.41615015	-11.956864	-3.7273536	0.8317686	-0.7344823	-10.279852	3.6796749	0.49518722	8627.66382598877
12	-95.3	18.520529	-7.0	-100.0	0.0	0.1	0.0	-100.0	0.0	-100.0	-100.0	94.3	100.0	51	-4.658693	3.2749217	-0.3957126	-12.698629	-4.658432	3.2751393	-0.39795482	-12.691687	-3.710889	0.8603622	-0.34075832	-10.470207	3.8995183	0.49401847	9380.327864170074
13	-90.933334	24.734505	-7.0	-100.0	0.0	0.2	0.0	-100.0	0.0	-100.0	-100.0	89.933334	100.0	99	-4.816475	3.5002255	-0.25321952	-13.217473	-4.8168583	3.4996154	-0.38189122	-13.519101	-3.6933134	0.8814685	0.00333786	-11.2635975	4.0628524	0.5075291	10099.40613079071
14	-90.6	28.11595	-1.0	-100.0	0.0	0.16666667	0.0	-100.0	0.0	-100.0	-100.0	89.6	100.0	99	-5.004639	3.6788023	-0.17636292	-14.213342	-5.0050883	3.6782625	-0.33116475	-13.972523	-3.673223	0.9065164	0.11700535	-11.773005	4.2613273	0.5093322	10821.48229765892
15	-87.86667	28.724823	-8.0	-100.0	0.0	0.2	0.06666667	-100.0	0.0	-100.0	-100.0	86.86667	100.0	99	-5.14829	3.7907033	-0.23438056	-14.375014	-5.148704	3.789876	-0.31757686	-14.470236	-3.6487281	0.92995167	0.8041477	-10.679128	4.4136524	0.5269094	11518.317597150803
16	-87.666664	31.444485	-7.0	-100.0	0.0	0.13333334	0.0	-100.0	0.0	-100.0	-100.0	86.666664	100.0	99	-5.2548103	3.8566709	-0.23728167	-15.255499	-5.25498	3.8556395	-0.31571114	-15.173801	-3.6117842	0.96020204	0.77183247	-12.294749	4.520105	0.55517524	12216.524471998215
17	-100.0	0.0	-100.0	-100.0	0.0	0.033333335	0.0	-100.0	0.0	-100.0	-100.0	99.0	100.0	99	-5.2777395	3.8871758	-0.22787529	-15.859945	-5.2775846	3.8867855	-0.27785268	-15.828114	-3.534965	1.0183926	1.0594788	-9.6510725	4.5311513	0.563805	13003.913853645325
18	-92.4	23.896442	-8.0	-100.0	0.0	0.1	0.0	-100.0	0.0	-100.0	-100.0	91.4	100.0	99	-5.2438064	3.890726	-0.19569165	-16.181578	-5.244179	3.8896518	-0.25368074	-16.38586	-3.5073137	1.038155	0.89670753	-11.604663	4.4934406	0.5688738	13737.154768943787
19	-92.333336	20.220999	-8.0	-100.0	0.0	0.16666667	0.0	-100.0	0.0	-100.0	-100.0	91.333336	100.0	99	-5.245796	3.911549	-0.116661035	-16.979952	-5.2457423	3.9106538	-0.20262653	-17.086058	-3.491003	1.0365787	1.0465994	-10.864726	4.497829	0.5500243	14470.148525238037
20	-99.066666	5.026153	-72.0	-100.0	0.0	0.033333335	0.0	-100.0	0.0	-100.0	-100.0	98.066666	100.0	99	-5.236023	3.9499855	-0.11433929	-17.597271	-5.236135	3.9490366	-0.16782811	-17.220978	-3.491143	1.0336721	0.7264161	-10.424967	4.4951773	0.5447042	15252.198971271515
21	-98.566666	7.7187357	-57.0	-100.0	0.0	0.033333335	0.0	-100.0	0.0	-100.0	-100.0	97.566666	100.0	99	-5.301383	4.0519547	-0.110481024	-17.720646	-5.3016205	4.051405	-0.17092502	-17.826313	-3.5269866	1.0092368	0.31746864	-10.976921	4.571524	0.52729124	16071.795785188675
22	-94.86667	14.6509	-46.0	-100.0	0.0	0.13333334	0.0	-100.0	0.0	-100.0	-100.0	93.86667	100.0	99	-5.370096	4.1306276	-0.11813815	-17.533354	-5.3705826	4.129851	-0.1606836	-17.698416	-3.5448492	1.0010521	0.7349057	-11.387086	4.6500897	0.53835106	16963.15611743927
23	-87.63333	28.83572	-7.0	-100.0	0.0	0.2	0.0	-100.0	0.0	-100.0	-100.0	86.63333	100.0	99	-5.44561	4.213576	-0.054681342	-17.86594	-5.4452863	4.2127485	-0.14036895	-17.79987	-3.5317183	1.0169164	1.9244647	-12.243926	4.7303066	0.5630647	17800.84141254425
24	-87.96667	28.877308	-6.0	-100.0	0.0	0.16666667	0.0	-100.0	0.0	-100.0	-100.0	86.96667	100.0	99	-5.5234694	4.2882533	-0.040190205	-17.866373	-5.523705	4.2872653	-0.14958756	-17.834461	-3.5289576	1.0169334	1.3726044	-10.507906	4.80968	0.5776461	18651.058875083923
25	-96.03333	16.696274	-9.0	-100.0	0.0	0.13333334	0.0	-58.0	0.0	-58.0	-58.0	95.03333	58.0	99	-5.5636888	4.323428	-0.09017337	-18.16996	-5.56372	4.321902	-0.15650086	-18.022654	-3.5101826	1.0395087	1.8202591	-10.786234	4.8557773	0.61687225	19500.33380651474
26	-95.63333	13.402696	-44.0	-100.0	0.0	0.1	0.0	-100.0	0.0	-100.0	-100.0	94.63333	100.0	99	-5.570214	4.3514786	-0.049245436	-18.463837	-5.5704885	4.35014	-0.122611746	-18.454933	-3.4755301	1.0560985	2.5161076	-10.577868	4.8597283	0.6103828	20374.469824790955
27	-96.933334	16.514505	-8.0	-100.0	0.0	0.033333335	0.0	-100.0	0.0	-100.0	-100.0	95.933334	100.0	99	-5.6042857	4.369229	-0.07681697	-18.712639	-5.604305	4.3673224	-0.081255704	-18.520779	-3.4816635	1.0631392	2.0762053	-10.7696085	4.9019113	0.6282933	21138.6172208786
28	-95.2	17.315504	-9.0	-100.0	0.0	0.1	0.0	-73.0	0.0	-73.0	-73.0	94.2	73.0	99	-5.60799	4.361805	-0.085927226	-18.99937	-5.607881	4.359853	-0.111692905	-18.80193	-3.468542	1.0695763	1.6338434	-10.313606	4.9057713	0.6400776	21885.556440114975
29	-98.76667	6.6417036	-63.0	-100.0	0.0	0.033333335	0.0	-100.0	0.0	-100.0	-100.0	97.76667	100.0	99	-5.6248417	4.356229	-0.06730592	-19.044199	-5.6249266	4.352316	-0.134316	-19.22437	-3.4764342	1.0641088	1.7986197	-10.381645	4.931639	0.66183466	22663.963326215744
30	-98.26667	7.1876435	-62.0	-100.0	0.0	0.06666667	0.0	-72.0	0.0	-72.0	-72.0	97.26667	72.0	99	-5.6753197	4.343144	-0.08447539	-19.593575	-5.676106	4.3396287	-0.13408054	-19.394867	-3.4792256	1.0623587	1.8011513	-10.982717	4.987251	0.69361675	23433.420752048492
31	-96.96667	16.335001	-9.0	-100.0	0.0	0.033333335	0.0	-71.0	0.0	-71.0	-71.0	95.96667	71.0	99	-5.7493577	4.3242173	-0.1261473	-19.590809	-5.749232	4.32008	-0.115395315	-19.334019	-3.4701636	1.0654839	1.9264541	-11.182293	5.0710955	0.715924	24190.534074783325
32	-98.76667	6.28057	-65.0	-100.0	0.0	0.06666667	0.0	-100.0	0.0	-100.0	-100.0	97.76667	100.0	99	-5.8138323	4.2856584	-0.090621494	-19.069632	-5.8137684	4.2797003	-0.12742071	-19.016457	-3.4872859	1.0637456	2.2409067	-11.0418415	5.1499233	0.7706823	25043.336808681488
33	-98.4	5.9922175	-75.0	-100.0	0.0	0.06666667	0.0	-100.0	0.0	-100.0	-100.0	97.4	100.0	76	-5.8962946	4.273256	-0.09625275	-19.169224	-5.896262	4.2650194	-0.1175901	-19.495712	-3.489711	1.0608382	1.9014196	-10.465509	5.247486	0.82562876	25949.26507115364
34	-95.36667	18.40015	-1.0	-100.0	0.0	0.1	0.0	-100.0	0.0	-100.0	-100.0	94.36667	100.0	99	-6.006292	4.2245584	-0.074701026	-19.300049	-6.006235	4.214094	-0.13814732	-19.048239	-3.4828877	1.065778	1.6196556	-9.842657	5.3698335	0.86454713	26841.91695666313
35	-93.066666	23.988792	-1.0	-100.0	0.0	0.1	0.0	-96.0	0.0	-96.0	-96.0	92.066666	96.0	99	-6.123747	4.2042675	-0.07654234	-19.67113	-6.123479	4.192488	-0.14303048	-19.52346	-3.492367	1.0551559	2.514112	-11.72292	5.506896	0.93836284	27712.251039028168
36	-98.53333	5.542162	-75.0	-100.0	0.0	0.06666667	0.0	-51.0	0.0	-51.0	-51.0	97.53333	51.0	99	-6.312304	4.191798	-0.06927797	-19.024446	-6.3125234	4.18153	-0.13562493	-19.036142	-3.50809	1.0427469	1.513422	-10.841503	5.713998	0.96211874	28554.914456129074
37	-99.4	2.5897233	-86.0	-100.0	0.0	0.06666667	0.0	-100.0	0.0	-100.0	-100.0	98.4	100.0	99	-6.515754	4.1930156	-0.057811636	-19.036549	-6.51539	4.187093	-0.10366433	-18.9721	-3.5161166	1.0354242	1.5786543	-10.511105	5.9347177	0.9965812	29460.183917045593
38	-96.0	16.6993	-9.0	-100.0	0.0	0.1	0.0	-100.0	0.0	-100.0	-100.0	95.0	100.0	99	-6.8108006	4.2404423	-0.06232584	-19.142445	-6.8107104	4.237884	-0.09672802	-19.561773	-3.547004	1.0184177	1.6702242	-10.677526	6.24809	1.0869082	30332.10130381584
39	-89.86667	27.747349	-7.0	-100.0	0.0	0.13333334	0.0	-100.0	0.0	-100.0	-100.0	88.86667	100.0	99	-7.075816	4.3291926	-0.04328821	-18.722254	-7.0757446	4.326611	-0.073711164	-18.894522	-3.5443254	1.0136825	1.9009581	-10.112738	6.522373	1.1633594	31047.01650071144
40	-97.13333	8.601292	-71.0	-100.0	0.0	0.1	0.0	-100.0	0.0	-100.0	-100.0	96.13333	100.0	70	-7.3173175	4.427766	-0.033121526	-19.243263	-7.317409	4.425241	-0.09039141	-19.04002	-3.5182877	1.0247372	1.7023926	-11.5226965	6.767	1.2660413	31814.783886432648
41	-95.86667	16.909039	-9.0	-100.0	0.0	0.1	0.0	-100.0	0.0	-100.0	-100.0	94.86667	100.0	8	-7.3470054	4.5531583	-0.030794404	-20.103731	-7.3467636	4.5507984	-0.092644505	-19.567806	-3.3563228	1.149373	1.6832047	-10.411852	6.751078	1.17151	32574.010772943497
42	-89.566666	28.053143	-7.0	-100.0	0.0	0.13333334	0.0	-100.0	0.0	-100.0	-100.0	88.566666	100.0	63	-7.1865983	4.7295275	-0.0007311441	-19.455376	-7.186879	4.727616	-0.05259511	-19.65999	-3.258149	1.228747	2.6385336	-11.468614	6.5459948	0.9603015	33287.450634241104
43	-99.6	2.154066	-88.0	-100.0	0.0	0.033333335	0.0	-100.0	0.0	-100.0	-100.0	98.6	100.0	99	-6.969077	4.8561206	-0.028728008	-19.860378	-6.969101	4.8546176	-0.025443893	-19.862976	-3.2462792	1.2306191	3.1749687	-11.418164	6.3143587	0.83095205	34072.63962030411
44	-91.4	24.732706	-1.0	-100.0	0.033333335	0.1	0.033333335	-61.0	0.0	-61.0	-61.0	90.433334	61.0	99	-6.880983	4.911779	-0.023718871	-20.306322	-6.881014	4.9098163	-0.05024037	-20.730503	-3.2831883	1.2058783	2.401595	-11.120256	6.232415	0.79588145	34792.53877854347
45	-91.5	19.36965	-8.0	-100.0	0.0	0.23333333	0.0	-100.0	0.0	-100.0	-100.0	90.5	100.0	99	-6.8655014	4.944902	-0.029206034	-20.877764	-6.8658	4.9432564	-0.047284674	-20.65841	-3.32597	1.1838502	2.8220587	-13.44815	6.2228603	0.784146	35523.74857187271
46	-97.433334	10.065398	-48.0	-100.0	0.0	0.1	0.0	-82.0	0.0	-82.0	-82.0	96.433334	82.0	99	-6.8588133	4.949442	0.00793286	-20.81327	-6.8589306	4.9488196	-0.011475682	-20.882484	-3.3409314	1.1594465	2.8373895	-10.502141	6.227176	0.81034344	36287.751749277115
47	-99.666664	1.795055	-90.0	-100.0	0.0	0.033333335	0.0	-100.0	0.0	-100.0	-100.0	98.666664	100.0	99	-6.952663	4.953135	-0.02054301	-20.994976	-6.952836	4.952443	-0.019479785	-20.77421	-3.3706262	1.1485231	2.3996334	-11.162242	6.334982	0.8109573	37076.43958878517
48	-97.433334	9.236462	-53.0	-100.0	0.0	0.1	0.0	-100.0	0.0	-100.0	-100.0	96.433334	100.0	99	-7.025144	4.956008	-0.0095786825	-20.787643	-7.025023	4.955695	-0.008882828	-20.916107	-3.376265	1.137918	2.2347255	-11.496661	6.421218	0.8570564	37846.296823978424
49	-95.8	17.520273	-7.0	-100.0	0.0	0.06666667	0.0	-100.0	0.0	-100.0	-100.0	94.8	100.0	99	-7.0878224	4.9557652	-0.0016694665	-21.319326	-7.0881534	4.954264	0.005882103	-21.202587	-3.3747976	1.1421397	1.9454098	-10.79014	6.479465	0.8669442	38603.873455286026
50	-98.566666	5.48746	-74.0	-100.0	0.0	0.06666667	0.0	-100.0	0.0	-100.0	-100.0	97.566666	100.0	99	-7.105418	4.9614334	-0.0034882873	-21.03052	-7.1056657	4.959576	0.0057848617	-21.282036	-3.337889	1.1779767	2.2363653	-10.079828	6.4927278	0.8750553	39382.616946697235
51	-95.666664	18.437881	-1.0	-100.0	0.033333335	0.033333335	0.0	-16.0	0.0	-16.0	-16.0	94.7	17.0	99	-7.031554	4.96237	0.01152591	-21.888273	-7.0317855	4.9609585	0.011606578	-21.870317	-3.2675774	1.2176956	2.0209422	-10.426321	6.401055	0.8278138	40122.128813028336
52	-98.833336	5.0072165	-73.0	-100.0	0.0	0.06666667	0.0	-100.0	0.0	-100.0	-100.0	97.833336	100.0	99	-6.914827	4.966304	0.01822833	-21.57271	-6.9146857	4.96535	0.023261301	-21.805958	-3.2282941	1.2344229	2.199772	-11.779625	6.272706	0.7740506	40902.21932053566
53	-98.46667	8.257253	-54.0	-100.0	0.033333335	0.0	0.0	-100.0	0.0	-100.0	-100.0	97.5	100.0	99	-6.839487	4.95947	-0.018789131	-21.813648	-6.8399644	4.957802	0.0063764304	-21.883528	-3.2021534	1.2498081	2.1293478	-11.325945	6.192284	0.7421096	41680.76288175583
54	-94.8	19.74403	-9.0	-100.0	0.033333335	0.033333335	0.0	-67.0	0.0	-67.0	-67.0	93.833336	67.0	99	-6.706918	4.9111686	0.016202334	-22.942333	-6.7069163	4.909769	0.007878255	-22.315777	-3.2214167	1.2406533	2.4402628	-10.935819	6.0606503	0.732901	42424.394188165665
55	-90.566666	23.1541	-8.0	-100.0	0.06666667	0.1	0.0	-100.0	0.0	-100.0	-100.0	89.63333	100.0	99	-6.5939713	4.872775	-0.004437823	-22.205872	-6.5943007	4.871143	0.0072402693	-22.126589	-3.2055295	1.2452515	3.3660498	-11.009537	5.9426937	0.7157775	43147.416931152344
56	-96.96667	16.335001	-9.0	-100.0	0.0	0.033333335	0.0	-100.0	0.0	-100.0	-100.0	95.96667	100.0	99	-6.534418	4.834727	-0.0003502518	-22.119068	-6.534131	4.833739	0.012846742	-22.680546	-3.2225146	1.2404716	2.6714916	-10.90153	5.886559	0.7075574	43915.136642456055
57	-94.46667	18.489159	-8.0	-100.0	0.033333335	0.1	0.033333335	-10.0	0.0	-10.0	-10.0	93.5	11.0	99	-6.4819264	4.75656	0.0013396069	-22.291643	-6.4819765	4.7549996	-0.005969595	-22.266386	-3.2352223	1.2323046	2.2006674	-11.021797	5.835774	0.7071521	44643.78933620453
58	-100.0	0.0	-100.0	-100.0	0.0	0.0	0.0	-100.0	0.0	-100.0	-100.0	99.0	100.0	99	-6.419514	4.6876826	-0.015434403	-21.993507	-6.419686	4.686995	0.017597891	-21.825253	-3.2585309	1.2254926	1.8759775	-11.899712	5.7760525	0.7107442	45432.557636260986
59	-97.933334	7.8014245	-65.0	-100.0	0.06666667	0.0	0.0	-100.0	0.0	-100.0	-100.0	97.0	100.0	99	-6.3905377	4.6333966	0.017455034	-21.960808	-6.390529	4.632086	0.008071199	-21.948181	-3.2687178	1.2146754	2.0657558	-12.228636	5.7509604	0.7008639	46206.27199912071
60	-93.933334	22.699387	-9.0	-100.0	0.0	0.06666667	0.0	-100.0	0.0	-100.0	-100.0	92.933334	100.0	8	-6.367301	4.592682	0.01674693	-21.54902	-6.367165	4.591461	0.01966878	-21.38075	-3.2504044	1.2278274	2.5113325	-12.0872345	5.7239404	0.6917402	46951.49144935608
61	-96.96667	16.335001	-9.0	-100.0	0.0	0.033333335	0.0	-100.0	0.0	-100.0	-100.0	95.96667	100.0	99	-6.329382	4.5729914	-0.0138190985	-21.447144	-6.329758	4.570778	0.0012257025	-21.656013	-3.2598226	1.218584	3.2683392	-11.480077	5.6887712	0.6857883	47718.20896935463
62	-97.73333	12.206374	-32.0	-100.0	0.033333335	0.0	0.0	-100.0	0.0	-100.0	-100.0	96.76667	100.0	99	-6.27984	4.52376	0.018004283	-22.051733	-6.2797136	4.522277	0.0062846914	-21.52359	-3.2398062	1.230278	2.9470663	-12.465239	5.6339493	0.66763777	48493.312581539154
63	-95.066666	19.099623	-7.0	-100.0	0.0	0.06666667	0.0	-100.0	0.0	-100.0	-100.0	94.066666	100.0	99	-6.2619505	4.4995275	0.010876313	-21.129326	-6.2617607	4.4977374	0.014079116	-21.165304	-3.2604177	1.2243809	2.0993862	-11.093425	5.6215515	0.6848811	49246.402755498886
64	-97.13333	11.318813	-43.0	-100.0	0.06666667	0.0	0.0	-100.0	0.0	-100.0	-100.0	96.2	100.0	99	-6.245481	4.4666657	0.0154308155	-21.385513	-6.24565	4.465094	0.029300526	-21.504564	-3.274497	1.2094046	1.7243729	-10.195348	5.608273	0.7035836	50015.434797525406
65	-98.73333	6.8212094	-62.0	-100.0	0.0	0.033333335	0.0	-100.0	0.0	-100.0	-100.0	97.73333	100.0	99	-6.2534537	4.441847	0.0072473735	-21.080786	-6.2529526	4.4399834	0.05916542	-21.354887	-3.264978	1.2141865	3.2741566	-11.309967	5.612432	0.7088705	50795.306622982025
66	-90.86667	24.39226	-7.0	-100.0	0.0	0.16666667	0.0	-93.0	0.0	-93.0	-93.0	89.86667	93.0	99	-6.251312	4.44025	-0.008566089	-21.494667	-6.251302	4.438874	0.020036235	-21.348112	-3.2572002	1.2164017	2.0775785	-10.970186	5.6129303	0.6956086	51516.377655267715
67	-91.066666	25.034554	-1.0	-100.0	0.0	0.13333334	0.0	-100.0	0.0	-100.0	-100.0	90.066666	100.0	99	-6.228685	4.4053855	0.0030761808	-20.6914	-6.2287254	4.403658	0.05343443	-20.976027	-3.27027	1.2130027	2.4944353	-11.904768	5.5951447	0.6979302	52243.167440891266
68	-96.066666	16.87786	-9.0	-100.0	0.0	0.06666667	0.0	-100.0	0.0	-100.0	-100.0	95.066666	100.0	99	-6.2228017	4.4039216	0.034817703	-21.483156	-6.223264	4.40242	0.05673466	-22.977757	-3.2633522	1.2215315	2.349636	-11.676204	5.591556	0.70296174	53003.48331642151
69	-100.0	0.0	-100.0	-100.0	0.0	0.0	0.0	-100.0	0.0	-100.0	-100.0	99.0	100.0	99	-6.218727	4.3885665	0.019259207	-20.892353	-6.218446	4.38727	0.05656641	-21.38504	-3.2599838	1.2155945	2.0266333	-10.824282	5.5862966	0.70863646	53791.8700940609
70	-96.8	16.684126	-7.0	-100.0	0.0	0.06666667	0.0	-98.0	0.0	-98.0	-98.0	95.8	98.0	99	-6.22984	4.3762493	0.025480196	-21.569485	-6.230131	4.373864	0.0406688	-21.452326	-3.2473388	1.2265226	1.9407105	-11.153744	5.595673	0.7240022	54556.77704811096
71	-99.86667	0.718022	-96.0	-100.0	0.033333335	0.0	0.0	-100.0	0.0	-100.0	-100.0	98.9	100.0	99	-6.234704	4.3716764	-0.0018362179	-20.756289	-6.234559	4.3704286	0.04223995	-20.59032	-3.2510324	1.218926	2.1497355	-11.456743	5.6033845	0.7128149	55346.14895987511
72	-96.433334	16.640678	-8.0	-100.0	0.0	0.06666667	0.0	-100.0	0.0	-100.0	-100.0	95.433334	100.0	99	-6.243268	4.347604	0.023925744	-20.852325	-6.2434716	4.3452106	0.070688315	-21.081663	-3.2575774	1.2186418	2.197843	-10.659342	5.6169157	0.72796184	56106.86014533043
73	-93.46667	20.943947	-10.0	-100.0	0.033333335	0.06666667	0.0	-51.0	0.0	-51.0	-51.0	92.5	51.0	99	-6.229387	4.3440747	0.005768433	-20.874195	-6.2290545	4.34224	0.051739767	-21.406788	-3.2186801	1.2445403	1.7280083	-13.4177885	5.603701	0.72868884	56838.24904155731
74	-93.7	18.980957	-10.0	-100.0	0.033333335	0.16666667	0.0	-20.0	0.0	-20.0	-20.0	92.73333	21.0	99	-6.235323	4.3131394	0.0055034086	-21.094841	-6.235246	4.311272	0.10958552	-21.662445	-3.2247307	1.2395936	2.1474485	-11.252171	5.607234	0.72121835	57564.28922915459
75	-95.03333	18.438156	-7.0	-100.0	0.033333335	0.06666667	0.0	-100.0	0.0	-100.0	-100.0	94.066666	100.0	99	-6.2782607	4.2912407	0.004582487	-20.38998	-6.2780747	4.28931	0.0858524	-21.002216	-3.2279325	1.236282	2.1432934	-11.876284	5.6581097	0.74514586	58319.43455076218
76	-92.26667	23.442034	-8.0	-100.0	0.033333335	0.1	0.033333335	-34.0	0.0	-34.0	-34.0	91.3	34.0	99	-6.2679715	4.2792554	0.010717548	-20.983467	-6.268006	4.2772236	0.07379771	-21.061789	-3.213259	1.2384052	2.2712998	-11.277205	5.651832	0.75338125	59039.80005264282
77	-91.23333	20.072674	-9.0	-100.0	0.033333335	0.26666668	0.0	-45.0	0.0	-45.0	-45.0	90.26667	45.0	94	-6.310933	4.2609296	0.03184957	-20.876228	-6.3113103	4.260162	0.07878717	-21.15603	-3.2207148	1.2352959	2.086524	-10.618997	5.700757	0.746964	59758.00790810585
78	-94.63333	13.977324	-47.0	-100.0	0.06666667	0.13333334	0.0	-50.0	0.0	-50.0	-50.0	93.7	50.0	98	-6.4381175	4.257168	-0.009562239	-21.410711	-6.4379997	4.2562275	0.08725228	-21.90173	-3.2407422	1.2259905	2.184966	-11.788719	5.8387575	0.75316775	60500.07439351082
79	-86.73333	22.631739	-8.0	-100.0	0.06666667	0.33333334	0.0	-100.0	0.0	-100.0	-100.0	85.8	100.0	96	-6.563699	4.2709756	0.024162285	-21.2498	-6.5635366	4.2696238	0.09634484	-21.175001	-3.2430503	1.2196136	2.1251621	-11.573557	5.9738245	0.77880603	61199.19110584259
80	-92.76667	20.501518	-7.0	-100.0	0.033333335	0.1	0.0	-68.0	0.0	-68.0	-68.0	91.8	68.0	99	-6.696403	4.3059587	0.021498263	-21.801657	-6.69644	4.304928	0.07323183	-21.47025	-3.247519	1.2261262	1.858089	-10.816114	6.117933	0.7888073	61929.884662389755
81	-91.3	25.4508	-1.0	-100.0	0.1	0.06666667	0.0	-100.0	0.0	-100.0	-100.0	90.4	100.0	99	-6.7999835	4.3669705	0.01891908	-21.567957	-6.800122	4.366584	0.073865496	-21.583502	-3.2340918	1.2311862	2.6326113	-10.284315	6.228194	0.81854916	62657.36988091469
82	-93.53333	18.778946	-9.0	-100.0	0.033333335	0.1	0.0	-100.0	0.0	-100.0	-100.0	92.566666	100.0	99	-6.865503	4.441176	0.024982497	-22.101469	-6.864792	4.4405217	0.07970285	-20.987717	-3.179257	1.2604531	1.972713	-14.381275	6.2774854	0.79858553	63400.164482831955
83	-96.96667	16.335001	-9.0	-100.0	0.0	0.033333335	0.0	-33.0	0.0	-33.0	-33.0	95.96667	34.0	99	-6.8129344	4.4708896	0.031748943	-22.87625	-6.813076	4.470998	0.08297894	-22.204102	-3.1461794	1.2696731	2.3295932	-11.036577	6.220361	0.7748046	64151.9076461792
84	-91.0	24.522099	-7.0	-100.0	0.1	0.06666667	0.0	-100.0	0.0	-100.0	-100.0	90.1	100.0	99	-6.8122044	4.514327	0.039381444	-22.303114	-6.8123145	4.5123267	0.097773924	-21.631174	-3.1338923	1.280088	2.279069	-13.194384	6.2165847	0.7571653	64877.71042013168
85	-88.5	27.728144	-8.0	-100.0	0.033333335	0.16666667	0.0	-100.0	0.0	-100.0	-100.0	87.53333	100.0	99	-6.7692776	4.540459	0.009897433	-21.53026	-6.769575	4.5390406	0.10000334	-20.721773	-3.1135	1.2842507	2.7604942	-11.530778	6.168618	0.7572582	65585.97801995277
86	-95.166664	17.06084	-8.0	-100.0	0.13333334	0.033333335	0.0	-100.0	0.0	-100.0	-100.0	94.3	100.0	99	-6.7184043	4.534665	0.019456483	-21.279741	-6.7178817	4.534168	0.10297117	-21.207275	-3.0986311	1.2981287	2.1731076	-11.711269	6.1159587	0.7383685	66341.47234797478
87	-93.03333	16.416422	-33.0	-100.0	0.13333334	0.033333335	0.0	-100.0	0.0	-100.0	-100.0	92.166664	100.0	99	-6.653612	4.513664	0.026471071	-20.852726	-6.6534705	4.5123363	0.068849236	-21.263906	-3.0883892	1.2975174	2.333243	-11.954277	6.0499983	0.72953695	67083.62945508957
88	-96.0	11.150486	-57.0	-100.0	0.1	0.033333335	0.0	-53.0	0.0	-53.0	-53.0	95.1	54.0	99	-6.6120257	4.458531	0.018280692	-21.376926	-6.612449	4.4561863	0.060941003	-21.780722	-3.0969367	1.2996695	2.337946	-13.187789	6.009327	0.7353367	67834.87214922905
89	-86.86667	27.106869	-1.0	-100.0	0.2	0.1	0.0	-100.0	0.0	-100.0	-100.0	86.066666	100.0	99	-6.553105	4.4445662	0.028815031	-21.196701	-6.5531764	4.443461	0.08575026	-21.065285	-3.0830278	1.3081161	2.1626596	-10.803037	5.94736	0.7160845	68534.54182600975
90	-96.1	11.705696	-51.0	-100.0	0.13333334	0.0	0.0	-24.0	0.0	-24.0	-24.0	95.23333	25.0	99	-6.4876857	4.411843	0.041165054	-20.764475	-6.4873943	4.409073	0.060552515	-20.689936	-3.0931897	1.2945827	3.1206121	-12.031113	5.891848	0.7406687	69279.48398017883
91	-97.2	10.351812	-45.0	-100.0	0.1	0.0	0.0	-72.0	0.0	-72.0	-72.0	96.3	72.0	99	-6.485367	4.377831	0.03286972	-21.140825	-6.4856744	4.376712	0.08390048	-20.197325	-3.1256964	1.284318	3.1736794	-11.458511	5.890023	0.73242795	70043.15306687355
92	-90.6	17.95476	-40.0	-100.0	0.2	0.06666667	0.0	-12.0	0.0	-12.0	-12.0	89.8	13.0	99	-6.4854326	4.3685007	0.02252055	-20.53146	-6.4851575	4.3671246	0.086158015	-20.310139	-3.10843	1.2872567	2.3852744	-12.070986	5.8850365	0.7208462	70747.75708580017
93	-94.333336	15.537769	-36.0	-100.0	0.1	0.033333335	0.0	-100.0	0.0	-100.0	-100.0	93.433334	100.0	99	-6.4402657	4.3262467	0.02495981	-20.787704	-6.4406447	4.323562	0.08361654	-20.610617	-3.0986009	1.2907635	2.1102037	-12.117635	5.8429966	0.7323707	71552.09029483795
94	-93.066666	21.484776	-8.0	-100.0	0.06666667	0.033333335	0.0	-100.0	0.0	-100.0	-100.0	92.13333	100.0	99	-6.412664	4.295482	0.03319318	-20.841707	-6.4123693	4.2939453	0.071201965	-21.262068	-3.1049132	1.2932197	1.9268608	-12.204832	5.815211	0.73237556	72395.15644168854
95	-98.73333	4.9053254	-75.0	-100.0	0.06666667	0.033333335	0.0	-27.0	0.0	-27.0	-27.0	97.8	28.0	99	-6.413126	4.2613072	0.009267166	-21.276983	-6.413262	4.259527	0.08031559	-20.89089	-3.1162071	1.2874184	1.9733977	-11.890015	5.8206778	0.7475456	73283.72745633125
96	-95.833336	17.041292	-7.0	-100.0	0.06666667	0.033333335	0.0	-36.0	0.0	-36.0	-36.0	94.9	37.0	99	-6.3820143	4.27206	0.02840957	-20.556393	-6.3821225	4.270559	0.073937	-20.906761	-3.0793593	1.3034197	3.1821127	-11.245031	5.780202	0.710654	74133.5113427639
97	-90.5	22.501482	-8.0	-100.0	0.13333334	0.06666667	0.0	-100.0	0.0	-100.0	-100.0	89.63333	100.0	99	-6.352867	4.234362	0.041516796	-21.694653	-6.352811	4.2329006	0.04190363	-20.78685	-3.089183	1.3100429	2.8350792	-11.746996	5.759672	0.7234496	74988.07515358925
98	-94.9	14.107561	-45.0	-100.0	0.1	0.06666667	0.0	-17.0	0.0	-17.0	-17.0	94.0	18.0	99	-6.3627744	4.2216477	0.056943446	-21.458652	-6.3627305	4.218549	0.0688819	-21.086735	-3.080688	1.3053622	1.9129863	-12.881434	5.7664614	0.73454624	75823.46216154099
99	-89.0	23.498936	-8.0	-100.0	0.2	0.033333335	0.0	-100.0	0.0	-100.0	-100.0	88.2	100.0	79	-6.3217926	4.2009716	0.049526587	-21.235666	-6.3221374	4.1993	0.052016556	-20.221132	-3.076398	1.3136275	2.2911415	-12.436578	5.721719	0.71678317	76609.30280447006
100	-86.63333	23.176832	-33.0	-100.0	0.23333333	0.033333335	0.0	-100.0	0.0	-100.0	-100.0	85.86667	100.0	99	-6.340864	4.20152	0.010932401	-21.342237	-6.3407407	4.1995783	0.04405299	-21.53417	-3.0784843	1.3052564	2.1374636	-11.982093	5.745981	0.7282001	77385.52779078484
101	-96.63333	9.877528	-59.0	-100.0	0.13333334	0.0	0.0	-23.0	0.0	-23.0	-23.0	95.76667	24.0	99	-6.349995	4.1902866	0.013106838	-20.568865	-6.3504195	4.1881676	0.07613137	-21.098324	-3.071045	1.3073709	2.183403	-13.059614	5.7597737	0.7422982	78245.3239209652
102	-91.833336	21.380806	-9.0	-100.0	0.1	0.1	0.0	-11.0	0.0	-11.0	-11.0	90.933334	12.0	31	-6.3428764	4.169167	0.048519507	-21.666525	-6.3425703	4.1672764	0.100024	-20.452198	-3.0931416	1.2983432	2.3949795	-12.454008	5.7552776	0.7402874	79064.73291683197
103	-96.9	16.694014	-7.0	-100.0	0.0	0.033333335	0.0	-100.0	0.0	-100.0	-100.0	95.9	100.0	99	-6.369292	4.1624913	0.09008759	-20.27261	-6.369197	4.159249	0.08147094	-20.00589	-3.0733109	1.3135377	2.0697217	-10.824877	5.7786484	0.7276076	79945.82319903374
104	-95.1	17.537292	-7.0	-100.0	0.06666667	0.06666667	0.0	-65.0	0.0	-65.0	-65.0	94.166664	65.0	99	-6.4004807	4.163612	0.034120455	-20.131914	-6.400604	4.160475	0.093024164	-19.68237	-3.0966856	1.3037156	1.9540138	-11.756452	5.8185725	0.74435097	80803.30408787727
105	-94.53333	14.937052	-47.0	-100.0	0.06666667	0.06666667	0.0	-10.0	0.0	-10.0	-10.0	93.6	11.0	99	-6.447045	4.153846	0.058508784	-21.776741	-6.447195	4.1489773	0.06865694	-21.708105	-3.1101205	1.2900399	2.3050718	-12.220076	5.8794303	0.7748431	81641.04098439217
106	-92.13333	18.023565	-37.0	-100.0	0.13333334	0.033333335	0.0	-34.0	0.0	-34.0	-34.0	91.26667	35.0	99	-6.613629	4.1405516	0.07749008	-20.135935	-6.6137714	4.13826	0.064075336	-20.679716	-3.1380153	1.2832215	2.5898528	-11.127296	6.0523477	0.7800194	1437.5804998874664
107	-95.3	14.866405	-32.0	-100.0	0.1	0.0	0.0	-100.0	0.0	-100.0	-100.0	94.4	100.0	99	-6.723727	4.155594	0.00972335	-21.206987	-6.723792	4.1548867	0.057321608	-20.69818	-3.1580994	1.2718551	1.9807549	-11.531324	6.169952	0.8230078	2195.478166103363
108	-96.73333	16.155357	-10.0	-100.0	0.06666667	0.033333335	0.0	-100.0	0.0	-100.0	-100.0	95.8	100.0	99	-6.8496313	4.152768	0.03126268	-20.628948	-6.849911	4.150096	0.06748572	-20.380646	-3.1975589	1.2425156	2.164939	-10.722908	6.323023	0.8763344	2960.632349014282
109	-89.7	26.043745	-1.0	-100.0	0.13333334	0.06666667	0.0	-68.0	0.0	-68.0	-68.0	88.833336	68.0	99	-7.063769	4.1644926	0.06957738	-21.73985	-7.0635653	4.163268	0.05960752	-20.847397	-3.2287798	1.2248622	2.711998	-10.891899	6.547137	0.9755777	3669.9946069717407
110	-96.566666	10.44568	-59.0	-100.0	0.1	0.033333335	0.0	-100.0	0.0	-100.0	-100.0	95.666664	100.0	99	-7.2537575	4.207675	0.03787528	-20.30028	-7.254283	4.2067432	0.050372973	-20.5592	-3.1937761	1.240119	1.6379728	-12.94214	6.7546597	1.0781338	4437.602797269821
111	-95.566666	16.985645	-8.0	-100.0	0.06666667	0.06666667	0.0	-63.0	0.0	-63.0	-63.0	94.63333	63.0	99	-7.458453	4.2896	0.01744838	-19.091564	-7.4581356	4.287906	0.061069936	-19.54675	-3.1725988	1.2619027	2.2484388	-10.622543	6.9650292	1.1767482	5186.238059520721
112	-85.36667	19.88045	-33.0	-100.0	0.4	0.033333335	0.0	-100.0	0.0	-100.0	-100.0	84.76667	100.0	99	-7.546141	4.416908	0.03994009	-19.593195	-7.546088	4.415945	0.074005246	-20.418455	-3.0564764	1.3475173	3.0266538	-12.712925	7.0192056	1.0827067	5875.9108917713165
113	-86.566666	20.079315	-41.0	-100.0	0.4	0.0	0.0	-65.0	0.0	-65.0	-65.0	85.96667	65.0	46	-7.487465	4.5653915	0.019878745	-19.506952	-7.4879384	4.5644736	0.10171649	-19.762156	-2.950436	1.4203901	3.133915	-12.472147	6.920184	0.9866758	6566.235399723053
114	-79.3	17.38227	-49.0	-100.0	0.6666667	0.06666667	0.0	-20.0	0.0	-20.0	-20.0	78.96667	21.0	49	-7.324628	4.6780887	0.038883388	-20.010002	-7.324244	4.6782355	0.09369567	-19.803766	-2.9145138	1.4258473	2.6831846	-11.599118	6.742365	0.90183	7196.755371332169
115	-74.2	32.28457	-8.0	-100.0	0.4	0.1	0.0	-100.0	0.0	-100.0	-100.0	73.6	100.0	51	-7.242692	4.7195277	0.07182951	-20.368345	-7.2426043	4.7178116	0.09584816	-20.465866	-2.903701	1.423495	2.55155	-13.191054	6.661825	0.89552927	7807.964881896973
116	-83.73333	23.501678	-9.0	-100.0	0.4	0.06666667	0.0	-18.0	0.0	-18.0	-18.0	83.13333	19.0	8	-7.0739436	4.7075753	0.06719801	-20.686756	-7.074001	4.706389	0.13061622	-20.483454	-2.9420931	1.3844492	2.6086736	-12.619411	6.4991326	0.8629364	8466.503057003021
117	-76.2	25.550468	-32.0	-100.0	0.5	0.033333335	0.0	-41.0	0.0	-41.0	-41.0	75.7	42.0	99	-7.008818	4.6735783	0.076858625	-20.822908	-7.0088835	4.6728106	0.10048473	-20.38271	-2.9626846	1.3735534	2.7415266	-11.348523	6.434118	0.8283735	9080.271756410599
118	-86.333336	19.99889	-38.0	-100.0	0.43333334	0.033333335	0.0	-40.0	0.0	-40.0	-40.0	85.76667	41.0	40	-6.927366	4.614519	0.06786546	-20.6878	-6.9272413	4.6135345	0.09775324	-20.318213	-2.9500155	1.3843012	2.490292	-11.369213	6.3507276	0.8113375	9763.092082500458
119	-80.03333	24.830738	-9.0	-100.0	0.46666667	0.033333335	0.0	-42.0	0.0	-42.0	-42.0	79.5	43.0	99	-6.8525295	4.5588446	0.08920567	-19.999758	-6.85244	4.5580935	0.100563854	-20.13888	-2.9655006	1.37479	3.1147966	-12.229874	6.2788405	0.8280323	10403.534766674042
120	-76.53333	26.586628	-23.0	-100.0	0.46666667	0.033333335	0.0	-69.0	0.0	-69.0	-69.0	76.0	69.0	99	-6.7606955	4.506221	0.055833742	-20.541006	-6.7604346	4.5052814	0.092420176	-20.383368	-2.947948	1.3854665	2.400465	-11.309765	6.1839585	0.81951743	11026.22932434082
121	-76.36667	25.347563	-35.0	-100.0	0.53333336	0.0	0.0	-44.0	0.0	-44.0	-44.0	75.9	45.0	47	-6.7484975	4.455917	0.083172366	-21.2408	-6.748411	4.4556847	0.14484587	-20.782793	-2.9888716	1.3711871	3.0597558	-11.737063	6.179383	0.8097897	11642.542854309082
122	-84.1	21.02118	-39.0	-100.0	0.4	0.033333335	0.0	-100.0	0.0	-100.0	-100.0	83.5	100.0	69	-6.6832166	4.4225783	0.08350626	-20.508827	-6.683359	4.4212	0.07215628	-20.178833	-2.9838417	1.3718584	2.4363985	-11.311739	6.1113863	0.8094408	12337.128032922745
123	-71.0	24.079037	-32.0	-100.0	0.6666667	0.0	0.0	-16.0	0.0	-16.0	-16.0	70.666664	17.0	80	-6.66172	4.3843594	0.147879	-20.33804	-6.6620054	4.38311	0.112770125	-20.301828	-3.001137	1.3625399	2.296064	-12.03658	6.088516	0.7894975	12909.222127914429
124	-77.73333	24.33644	-9.0	-100.0	0.53333336	0.1	0.0	-11.0	0.0	-11.0	-11.0	77.26667	12.0	99	-6.639961	4.341238	0.10442889	-20.174744	-6.6395483	4.3405714	0.1296599	-19.941008	-3.0133765	1.3553143	2.6040983	-10.92721	6.076692	0.814981	13525.620715379715
125	-76.03333	29.804342	-7.0	-100.0	0.36666667	0.1	0.0	-100.0	0.0	-100.0	-100.0	75.4	100.0	6	-6.59852	4.3226056	0.120745406	-20.117151	-6.5986443	4.320899	0.11335732	-19.775345	-2.992549	1.3690773	2.461831	-12.071539	6.0318117	0.7942082	14150.81147313118
126	-86.333336	20.394987	-40.0	-100.0	0.33333334	0.033333335	0.0	-16.0	0.0	-16.0	-16.0	85.666664	17.0	74	-6.588361	4.303455	0.08643727	-20.586086	-6.58833	4.302242	0.11410278	-20.04927	-3.0007067	1.3716114	2.2395353	-12.105689	6.0208035	0.77838635	14827.609435081482
127	-83.46667	23.273352	-37.0	-100.0	0.43333334	0.0	0.0	-46.0	0.0	-46.0	-46.0	82.9	47.0	99	-6.59198	4.321697	0.09798662	-20.264454	-6.5918474	4.3199267	0.082620755	-19.904285	-3.0215993	1.3582304	2.5647287	-11.3229265	6.0285993	0.8100304	15491.998968362808
128	-77.6	22.707706	-25.0	-100.0	0.6666667	0.0	0.0	-11.0	0.0	-11.0	-11.0	77.26667	12.0	64	-6.576104	4.295999	0.102883205	-20.281744	-6.576213	4.294706	0.06123364	-19.743572	-2.9967728	1.3723075	1.9151392	-12.21517	6.0163608	0.8035214	16107.587933778763
129	-82.53333	25.524803	-8.0	-100.0	0.36666667	0.033333335	0.0	-13.0	0.0	-13.0	-13.0	81.9	14.0	45	-6.596318	4.28394	0.10237835	-19.679794	-6.596454	4.282822	0.071525946	-19.16258	-3.0081587	1.3715917	2.2708712	-11.814512	6.0404825	0.81757873	16755.708863973618
130	-76.5	24.97699	-9.0	-100.0	0.56666666	0.1	0.0	-11.0	0.0	-11.0	-11.0	76.066666	12.0	50	-6.5777435	4.306255	0.052696183	-19.241976	-6.577631	4.305277	0.0725553	-19.211996	-2.9889784	1.3751715	2.241559	-11.680175	6.0138993	0.8262486	17364.863087892532
131	-73.066666	24.616978	-34.0	-100.0	0.56666666	0.06666667	0.033333335	-16.0	0.0	-16.0	-16.0	72.63333	17.0	99	-6.5935044	4.315727	0.107131466	-20.089182	-6.5932894	4.314581	0.07716906	-19.950523	-2.9927905	1.3755339	2.0018172	-11.454183	6.030168	0.79442537	17950.740078926086
132	-80.933334	23.247843	-34.0	-100.0	0.43333334	0.033333335	0.0	-67.0	0.0	-67.0	-67.0	80.36667	67.0	34	-6.6102204	4.313963	0.07447386	-20.669231	-6.610081	4.3124714	0.10638128	-19.924696	-3.0022085	1.3792759	2.365233	-10.647555	6.047269	0.8216851	18600.798255443573
133	-77.13333	23.22317	-32.0	-100.0	0.56666666	0.033333335	0.0	-14.0	0.0	-14.0	-14.0	76.7	15.0	43	-6.5954967	4.3010983	0.079589844	-19.760015	-6.595169	4.3004537	0.09393509	-19.838171	-3.0119693	1.3641418	2.4385905	-12.301336	6.0398755	0.8137108	19215.834748506546
134	-77.1	23.000507	-34.0	-100.0	0.56666666	0.0	0.0	-12.0	0.0	-12.0	-12.0	76.666664	13.0	67	-6.6182327	4.2949724	0.06772335	-20.058043	-6.6185837	4.2942224	0.05477561	-19.954802	-3.021424	1.3544412	1.919383	-10.704412	6.0668955	0.8275114	19827.920986652374
135	-74.1	25.239323	-9.0	-100.0	0.56666666	0.1	0.0	-100.0	0.0	-100.0	-100.0	73.666664	100.0	8	-6.5911326	4.3031373	0.07142727	-19.959465	-6.591077	4.3004503	0.09076296	-19.783382	-2.9898982	1.3783301	2.388132	-11.3832855	6.0369115	0.82408845	20440.326281785965
136	-73.46667	21.820072	-34.0	-100.0	0.7	0.033333335	0.0	-45.0	0.0	-45.0	-45.0	73.166664	46.0	87	-6.6018443	4.3133316	0.11133033	-19.761198	-6.6018033	4.311453	0.07369317	-19.515066	-3.0014758	1.3822227	2.4269023	-12.46334	6.044269	0.8059143	21037.37633872032
137	-78.5	22.538486	-35.0	-100.0	0.6	0.0	0.0	-20.0	0.0	-20.0	-20.0	78.1	21.0	94	-6.5776987	4.3207445	0.10451032	-19.843502	-6.5779505	4.3185554	0.09409307	-19.759554	-2.979321	1.38883	2.3331337	-14.209638	6.027334	0.8375513	21661.90662431717
138	-76.73333	24.963884	-1.0	-100.0	0.53333336	0.13333334	0.0	-14.0	0.0	-14.0	-14.0	76.26667	15.0	99	-6.5918083	4.335254	0.058701128	-20.002514	-6.591743	4.3341455	0.084842354	-19.915405	-2.9748795	1.3944218	2.3681107	-10.669434	6.0389867	0.82407534	22272.372584342957
139	-76.76667	22.37064	-34.0	-100.0	0.6	0.033333335	0.0	-100.0	0.0	-100.0	-100.0	76.36667	100.0	61	-6.6143174	4.332595	0.086912274	-20.1716	-6.6141906	4.332729	0.08789189	-19.86316	-2.995625	1.3767351	2.6315718	-11.779737	6.067719	0.8556765	22904.976915359497
140	-83.6	24.575872	-9.0	-100.0	0.5	0.033333335	0.0	-12.0	0.0	-12.0	-12.0	83.1	13.0	99	-6.65382	4.3571258	0.09434788	-20.326645	-6.6540484	4.354957	0.05803603	-19.998922	-3.0028813	1.3753529	2.1470222	-11.604853	6.105508	0.8441084	23563.89260983467
141	-74.433334	22.76208	-30.0	-100.0	0.73333335	0.0	0.0	-14.0	0.0	-14.0	-14.0	74.166664	15.0	75	-6.6427584	4.3612213	0.083076715	-20.078667	-6.6422687	4.358892	0.07853246	-19.940287	-2.9922612	1.3776915	2.0887938	-11.318548	6.096455	0.8681881	24161.479610204697
142	-64.5	27.077358	-1.0	-100.0	0.76666665	0.1	0.0	-22.0	0.0	-22.0	-22.0	64.26667	23.0	88	-6.6110153	4.3801136	0.09533173	-19.64329	-6.611074	4.3790812	0.07202527	-19.522308	-2.9808555	1.3811749	1.7684622	-12.825138	6.0679555	0.8365179	24690.689342975616
143	-71.333336	27.195997	-8.0	-100.0	0.6	0.06666667	0.0	-22.0	0.0	-22.0	-22.0	70.933334	23.0	54	-6.631216	4.367489	0.09093565	-19.871784	-6.6313205	4.3657794	0.054530337	-19.518452	-2.9883926	1.3855029	2.3688571	-11.499184	6.0937443	0.86602455	25266.14029622078
144	-84.3	22.125628	-41.0	-100.0	0.46666667	0.0	0.0	-15.0	0.0	-15.0	-15.0	83.76667	16.0	53	-6.660378	4.3573446	0.09236269	-19.745226	-6.6601768	4.356069	0.0921319	-19.720266	-3.0072489	1.3694444	2.0372639	-12.352459	6.133721	0.9208549	25928.460195064545
145	-81.7	21.398052	-35.0	-100.0	0.5	0.033333335	0.0	-21.0	0.0	-21.0	-21.0	81.2	22.0	85	-6.678632	4.3829064	0.0961729	-19.869442	-6.6791644	4.3795204	0.10159643	-19.552418	-2.982015	1.3878165	2.1494222	-11.337354	6.143268	0.9016095	26576.34017109871
146	-75.53333	25.09546	-10.0	-100.0	0.5	0.13333334	0.0	-54.0	0.0	-54.0	-54.0	75.03333	55.0	99	-6.665935	4.3938665	0.08528395	-19.598137	-6.6658034	4.3934417	0.0884165	-19.678661	-2.956069	1.3994347	2.7525291	-12.921968	6.1284046	0.87452817	27186.09261584282
147	-76.1	24.062906	-33.0	-100.0	0.5	0.06666667	0.0	-15.0	0.0	-15.0	-15.0	75.6	16.0	60	-6.677537	4.410994	0.09662084	-20.015705	-6.6778245	4.4100533	0.11605522	-19.600449	-2.9712946	1.389369	2.3398771	-10.661062	6.142901	0.9134667	27806.492022275925
148	-75.8	25.88616	-9.0	-100.0	0.6	0.033333335	0.0	-47.0	0.0	-47.0	-47.0	75.4	48.0	99	-6.705933	4.4090867	0.0895462	-19.61926	-6.705637	4.409293	0.08862075	-19.50321	-2.95098	1.4091437	2.4169388	-11.914923	6.1701994	0.89401674	28417.594158649445
149	-78.833336	22.257708	-32.0	-100.0	0.6333333	0.0	0.0	-13.0	0.0	-13.0	-13.0	78.46667	14.0	46	-6.681187	4.413321	0.06904259	-19.874989	-6.681039	4.413042	0.080563754	-19.707727	-2.951777	1.4052458	2.1806264	-11.324202	6.147391	0.9191847	29044.75844836235
150	-68.0	31.49074	-7.0	-100.0	0.5	0.1	0.0	-50.0	0.0	-50.0	-50.0	67.5	51.0	48	-6.6778383	4.428966	0.13521475	-20.330341	-6.677671	4.428362	0.12856323	-20.343088	-2.9504197	1.4013293	2.302187	-11.669678	6.1479273	0.92315936	29603.75611591339
151	-72.9	30.134531	-7.0	-100.0	0.53333336	0.1	0.0	-12.0	0.0	-12.0	-12.0	72.433334	13.0	57	-6.667679	4.447997	0.09411168	-19.807487	-6.667557	4.4465685	0.09296419	-19.660812	-2.9523153	1.4050927	2.3735704	-14.687733	6.1339183	0.90943563	30185.33749127388
152	-70.333336	27.165339	-10.0	-100.0	0.6	0.06666667	0.0	-42.0	0.0	-42.0	-42.0	69.933334	43.0	99	-6.6835704	4.440332	0.085825965	-20.250908	-6.6838374	4.4384384	0.10616262	-19.96962	-2.9538233	1.4034213	2.1639001	-12.479292	6.1578608	0.93658924	30757.87502336502
153	-72.3	24.891968	-31.0	-100.0	0.6	0.0	0.0	-100.0	0.0	-100.0	-100.0	71.9	100.0	57	-6.7231417	4.459401	0.10722996	-20.544847	-6.7231135	4.4557614	0.10891697	-20.340464	-2.9641616	1.4049008	2.2912302	-12.961348	6.1966662	0.93093425	31356.487891435623
154	-76.666664	27.391403	-8.0	-100.0	0.5	0.06666667	0.0	-36.0	0.0	-36.0	-36.0	76.166664	37.0	52	-6.7101126	4.453535	0.081777245	-19.977001	-6.709987	4.452414	0.074797526	-19.747406	-2.9437168	1.4078649	2.239646	-11.624323	6.189119	0.9363141	31968.34765267372
155	-68.4	22.150394	-30.0	-100.0	0.8333333	0.0	0.0	-13.0	0.0	-13.0	-13.0	68.23333	14.0	99	-6.692218	4.448164	0.09177993	-20.909101	-6.691874	4.4461875	0.100030646	-20.807665	-2.9474285	1.4073864	2.652255	-10.507995	6.166342	0.9457651	32524.306080579758
156	-74.2	24.932444	-31.0	-100.0	0.6	0.033333335	0.0	-16.0	0.0	-16.0	-16.0	73.8	17.0	46	-6.7066927	4.4598894	0.08385888	-19.876513	-6.706417	4.45771	0.07526557	-19.92436	-2.9489517	1.4061781	2.414381	-11.984534	6.184186	0.944893	33112.42606878281
157	-74.3	30.272264	-1.0	-100.0	0.5	0.1	0.0	-14.0	0.0	-14.0	-14.0	73.8	15.0	81	-6.700868	4.443732	0.13795692	-19.524162	-6.70094	4.442496	0.09494083	-19.653465	-2.9530509	1.4080975	2.6238384	-12.018232	6.172947	0.93940544	33704.55842375755
158	-77.86667	22.35432	-43.0	-100.0	0.56666666	0.0	0.0	-100.0	0.0	-100.0	-100.0	77.433334	100.0	99	-6.7298403	4.448883	0.11277364	-20.069937	-6.7305264	4.4466996	0.05703196	-19.831154	-2.9479494	1.416327	2.3401537	-13.840401	6.210653	0.9578932	34343.64947128296
159	-73.53333	24.098042	-9.0	-100.0	0.6333333	0.033333335	0.0	-12.0	0.0	-12.0	-12.0	73.166664	13.0	99	-6.724964	4.446828	0.1451411	-20.074148	-6.724517	4.44392	0.11873974	-19.818752	-2.9670696	1.4014992	2.6450043	-11.702075	6.215638	0.9923689	34946.84409070015
160	-79.7	24.173195	-32.0	-100.0	0.56666666	0.033333335	0.0	-14.0	0.0	-14.0	-14.0	79.26667	15.0	99	-6.7031026	4.4642096	0.08051166	-19.602806	-6.7031584	4.462588	0.050216123	-19.63184	-2.9557633	1.4053757	2.1850078	-11.126995	6.1869545	0.9906989	35581.68860888481
161	-73.333336	25.782854	-11.0	-100.0	0.6333333	0.06666667	0.0	-22.0	0.0	-22.0	-22.0	72.96667	23.0	65	-6.687665	4.4690094	0.09036967	-20.838297	-6.6877594	4.4684973	0.03443572	-20.191788	-2.9359293	1.4140666	2.249877	-15.04281	6.1704583	0.9703988	36169.74952864647
162	-82.166664	21.667309	-26.0	-100.0	0.46666667	0.033333335	0.0	-42.0	0.0	-42.0	-42.0	81.63333	43.0	99	-6.720925	4.478027	0.07985647	-20.127792	-6.720201	4.478438	0.06881957	-20.223988	-2.947982	1.4145638	2.3996663	-12.062361	6.2080526	0.99046	36822.275941848755
163	-74.36667	22.103518	-36.0	-100.0	0.7	0.033333335	0.0	-25.0	0.0	-25.0	-25.0	74.066666	26.0	99	-6.740895	4.4836235	0.1049542	-19.93251	-6.741408	4.4807243	0.10496278	-19.712433	-2.9214137	1.4293476	2.3030148	-11.236334	6.222241	0.9702838	37418.655922174454
164	-71.7	25.358957	-26.0	-100.0	0.6333333	0.06666667	0.0	-42.0	0.0	-42.0	-42.0	71.333336	43.0	96	-6.7372437	4.492184	0.16617814	-19.819756	-6.7373376	4.491294	0.083345965	-19.735748	-2.9030685	1.4464033	2.5410218	-11.285261	6.2211914	0.9949599	38001.069433927536
165	-68.2	22.986082	-8.0	-100.0	0.7	0.033333335	0.0	-67.0	0.0	-67.0	-67.0	67.9	67.0	37	-6.722249	4.4933395	0.112004936	-19.827076	-6.7225227	4.4907026	0.09578514	-19.723352	-2.935669	1.4198905	2.0844722	-12.629144	6.215061	1.0111363	38567.09537768364
166	-74.3	24.45697	-10.0	-100.0	0.56666666	0.1	0.0	-13.0	0.0	-13.0	-13.0	73.86667	14.0	99	-6.71247	4.5407295	0.17392285	-19.983185	-6.7119155	4.5398455	0.08730234	-19.811918	-2.9074757	1.4320532	2.4807377	-12.032324	6.1949973	0.9887738	39158.87059664726
167	-73.73333	26.560537	-9.0	-100.0	0.53333336	0.06666667	0.0	-18.0	0.0	-18.0	-18.0	73.26667	19.0	57	-6.722221	4.550996	0.11190815	-19.71798	-6.722398	4.548712	0.070792794	-20.006075	-2.9324653	1.4307548	2.3735883	-12.616972	6.2089443	0.9852548	39748.170901060104
168	-70.0	26.13937	-23.0	-100.0	0.6666667	0.0	0.0	-24.0	0.0	-24.0	-24.0	69.666664	25.0	59	-6.691116	4.521046	0.08622126	-19.946814	-6.6914463	4.520181	0.06936757	-19.751587	-2.94322	1.4225848	2.3824716	-11.03244	6.1853704	0.9988373	40316.72603178024
169	-83.76667	21.21899	-34.0	-100.0	0.43333334	0.06666667	0.0	-79.0	0.0	-79.0	-79.0	83.2	79.0	99	-6.729259	4.5206842	0.088296905	-20.07781	-6.7289796	4.5186186	0.09737581	-19.900457	-2.9493694	1.4117241	2.4415526	-11.550252	6.2194986	0.9882542	40987.99205327034
170	-67.03333	29.670954	-1.0	-100.0	0.56666666	0.13333334	0.0	-27.0	0.0	-27.0	-27.0	66.6	28.0	92	-6.739826	4.5126944	0.11962061	-20.14143	-6.7399325	4.510296	0.07471806	-19.726469	-2.9608688	1.408032	2.134697	-12.425131	6.2436566	1.0361956	41534.659401893616
171	-74.03333	24.99131	-31.0	-100.0	0.56666666	0.033333335	0.0	-28.0	0.0	-28.0	-28.0	73.6	29.0	61	-6.7334166	4.5335255	0.12856364	-20.010782	-6.733594	4.5324388	0.06442273	-20.144676	-2.8920543	1.4565301	2.7187662	-11.43711	6.2175446	0.99322367	42130.19657969475
172	-74.26667	22.500273	-36.0	-100.0	0.56666666	0.16666667	0.0	-28.0	0.0	-28.0	-28.0	73.833336	29.0	53	-6.7232065	4.541596	0.098514125	-20.270174	-6.7232203	4.5397944	0.084422246	-20.103401	-2.9041154	1.4426316	2.4828348	-11.73091	6.215922	1.0017065	42726.53379559517
173	-67.23333	26.295351	-18.0	-100.0	0.73333335	0.0	0.0	-100.0	0.0	-100.0	-100.0	66.96667	100.0	99	-6.7460766	4.5528073	0.1403823	-19.97063	-6.7467175	4.5507274	0.06656855	-19.836523	-2.900186	1.4433281	2.4028788	-13.240442	6.237666	1.0040696	43292.490089416504
174	-65.666664	27.198448	-22.0	-100.0	0.7	0.0	0.0	-12.0	0.0	-12.0	-12.0	65.36667	13.0	45	-6.7447085	4.5484204	0.078091055	-20.28068	-6.7440424	4.548691	0.06603752	-19.850296	-2.9388657	1.4313463	2.4087362	-11.861408	6.238251	1.0119522	43826.85206794739
175	-70.26667	26.639486	-10.0	-100.0	0.6333333	0.033333335	0.0	-13.0	0.0	-13.0	-13.0	69.9	14.0	49	-6.7759123	4.541654	0.11451669	-20.08592	-6.7761397	4.5392823	0.10949932	-19.954853	-2.9429045	1.4247729	2.1442394	-11.204335	6.272198	1.0181049	44393.33044695854
176	-79.833336	22.920273	-35.0	-100.0	0.6	0.0	0.0	-14.0	0.0	-14.0	-14.0	79.433334	15.0	97	-6.7818027	4.5457964	0.10058044	-20.051836	-6.781509	4.545741	0.08456783	-19.791353	-2.936525	1.4220387	2.5985098	-12.572812	6.285019	1.0431571	45024.690965652466
177	-70.86667	29.59587	-8.0	-100.0	0.6	0.033333335	0.0	-27.0	0.0	-27.0	-27.0	70.46667	28.0	99	-6.7800417	4.5526576	0.112467185	-19.8627	-6.7799244	4.5518484	0.044190243	-19.942316	-2.9291317	1.4259644	2.4058604	-12.520366	6.2773633	1.0514759	45597.66159129143
178	-74.333336	26.415064	-8.0	-100.0	0.53333336	0.06666667	0.0	-73.0	0.0	-73.0	-73.0	73.86667	73.0	31	-6.7852736	4.5720825	0.13723624	-20.322525	-6.7853603	4.5707245	0.061254725	-19.790064	-2.8913836	1.4606433	2.830185	-12.4879055	6.28002	1.0242916	46203.646444797516
179	-67.53333	26.895765	-27.0	-100.0	0.6333333	0.0	0.0	-57.0	0.0	-57.0	-57.0	67.166664	58.0	34	-6.7672024	4.589833	0.14090823	-20.667448	-6.766784	4.589153	0.07586932	-20.359354	-2.8594615	1.4828249	2.8640697	-12.701382	6.262422	1.0226612	46760.67449760437
180	-72.433334	22.851234	-25.0	-100.0	0.73333335	0.033333335	0.0	-28.0	0.0	-28.0	-28.0	72.166664	29.0	59	-6.75294	4.601376	0.14223097	-20.292759	-6.7528777	4.600363	0.07094847	-20.025764	-2.9087071	1.4420025	2.473508	-14.023867	6.2537346	1.0332853	47346.256361961365
181	-73.666664	23.767391	-30.0	-100.0	0.73333335	0.0	0.0	-10.0	0.0	-10.0	-10.0	73.4	11.0	96	-6.7621875	4.604122	0.07383621	-20.720728	-6.762202	4.6024923	0.041504532	-20.684292	-2.8796525	1.4637532	2.519253	-11.476131	6.2561107	1.0026634	47935.77125835419
182	-76.23333	25.6355	-11.0	-100.0	0.5	0.06666667	0.0	-100.0	0.0	-100.0	-100.0	75.73333	100.0	39	-6.7515507	4.6110253	0.13672611	-20.121052	-6.7516937	4.609018	0.09290345	-20.112494	-2.909529	1.4462098	2.5062275	-11.246679	6.252964	1.0144088	48560.65428709984
183	-58.466667	27.18055	-1.0	-100.0	0.6666667	0.1	0.0	-100.0	0.0	-100.0	-100.0	58.133335	100.0	8	-6.7587986	4.616182	0.12285569	-21.116922	-6.7579613	4.615378	0.11365807	-20.201889	-2.9165332	1.4352198	2.6909227	-15.687642	6.26228	1.0297619	49063.21598362923
184	-76.96667	22.509974	-39.0	-100.0	0.53333336	0.033333335	0.0	-100.0	0.0	-100.0	-100.0	76.5	100.0	99	-6.770336	4.6179905	0.077097	-20.325281	-6.770936	4.6162443	0.0813719	-20.146452	-2.9054036	1.447478	2.4781842	-11.65022	6.275012	1.0222073	49692.71189284325
185	-68.63333	23.078825	-38.0	-100.0	0.7	0.1	0.0	-53.0	0.0	-53.0	-53.0	68.333336	54.0	47	-6.7857738	4.6231937	0.11346802	-20.666279	-6.785333	4.621848	0.08368456	-19.860353	-2.936462	1.4384403	3.4473348	-15.282868	6.2881947	1.0251056	50258.06734609604
186	-70.13333	29.233238	-9.0	-100.0	0.6	0.1	0.0	-34.0	0.0	-34.0	-34.0	69.73333	35.0	53	-6.8286314	4.6385994	0.10532081	-20.087528	-6.8288217	4.637135	0.09478325	-20.54007	-2.937656	1.4400623	2.6168804	-12.167945	6.3396316	1.0519767	50824.81337547302
187	-64.2	26.74123	-10.0	-100.0	0.6666667	0.1	0.0	-42.0	0.0	-42.0	-42.0	63.866665	43.0	99	-6.77009	4.664983	0.124317765	-20.315346	-6.7700877	4.6631136	0.079160005	-20.094906	-2.8732753	1.4830064	3.0221324	-11.914465	6.268869	1.0220786	51355.08970284462
188	-68.13333	26.375158	-9.0	-100.0	0.7	0.033333335	0.0	-12.0	0.0	-12.0	-12.0	67.833336	13.0	55	-6.804067	4.688749	0.13821009	-20.228687	-6.8038845	4.6867137	0.08104521	-20.242443	-2.9076996	1.4668415	2.7722387	-12.5235	6.3052278	1.019637	51906.094811439514
189	-69.03333	27.79866	-8.0	-100.0	0.6	0.1	0.0	-41.0	0.0	-41.0	-41.0	68.63333	42.0	88	-6.7691417	4.6925874	0.21388054	-20.276514	-6.7696333	4.6919336	0.1223799	-20.122602	-2.9028895	1.4583824	2.9834788	-12.415383	6.2694135	1.0037405	52467.52414608002
190	-69.0	25.97563	-24.0	-100.0	0.7	0.0	0.0	-15.0	0.0	-15.0	-15.0	68.7	16.0	58	-6.741169	4.6978755	0.14294311	-20.36297	-6.741565	4.6968684	0.13208392	-20.20609	-2.9287133	1.4467353	2.8103304	-11.796895	6.2482486	1.0369399	53026.64280462265
191	-61.933334	28.431126	-9.0	-100.0	0.6666667	0.06666667	0.0	-10.0	0.0	-10.0	-10.0	61.6	11.0	57	-6.747091	4.679989	0.17891851	-20.111078	-6.7469773	4.678623	0.10073641	-20.444637	-2.9322298	1.433441	2.510806	-12.44124	6.2571034	1.0166322	53533.3456633091
192	-69.166664	22.102917	-29.0	-100.0	0.6666667	0.06666667	0.0	-100.0	0.0	-100.0	-100.0	68.833336	100.0	93	-6.771217	4.667351	0.18017739	-20.576591	-6.771458	4.6676025	0.10423109	-20.447662	-2.917596	1.4459959	2.7561557	-12.256886	6.28004	1.0258167	54113.71193742752
193	-75.23333	25.757437	-7.0	-100.0	0.5	0.033333335	0.0	-13.0	0.0	-13.0	-13.0	74.73333	14.0	33	-6.7633476	4.6814847	0.1576291	-20.247448	-6.763204	4.6808434	0.14059255	-20.373032	-2.8968883	1.4707297	3.0252717	-12.328196	6.26883	1.0094635	54712.35390949249
194	-71.566666	21.356783	-27.0	-100.0	0.73333335	0.033333335	0.0	-52.0	0.0	-52.0	-52.0	71.3	53.0	99	-6.737178	4.6969666	0.112523526	-20.52411	-6.7370257	4.6956034	0.114694834	-20.11906	-2.9086075	1.4608604	2.6551275	-12.436363	6.241517	0.99746156	55297.375141620636
195	-82.63333	18.760744	-45.0	-100.0	0.53333336	0.033333335	0.0	-41.0	0.0	-41.0	-41.0	82.166664	42.0	57	-6.724133	4.6625037	0.22805774	-20.340813	-6.7242374	4.6603065	0.07041851	-20.309778	-2.9354782	1.4333179	2.4539468	-12.376175	6.237558	1.0331631	55954.30186986923
196	-64.26667	25.304722	-8.0	-100.0	0.7	0.06666667	0.0	-29.0	0.0	-29.0	-29.0	63.966667	30.0	7	-6.761819	4.6605005	0.16564816	-20.547625	-6.7621403	4.6586328	0.11218771	-20.379587	-2.9175627	1.445032	2.5163062	-12.585833	6.275154	1.0531373	56483.7521443367
197	-78.96667	23.938091	-31.0	-100.0	0.6	0.0	0.0	-16.0	0.0	-16.0	-16.0	78.566666	17.0	98	-6.754869	4.667971	0.122234225	-20.676155	-6.7549896	4.6667056	0.17756155	-20.170351	-2.9269166	1.4443485	2.9235477	-11.997768	6.2600446	1.0183212	57109.28522109985
198	-72.066666	26.090782	-9.0	-100.0	0.6	0.06666667	0.0	-55.0	0.0	-55.0	-55.0	71.666664	56.0	59	-6.7181506	4.6968827	0.14901319	-20.510881	-6.718258	4.6963897	0.088504165	-20.472113	-2.9018834	1.4714329	2.75915	-11.992158	6.223523	1.0131197	57696.30549263954
199	-68.46667	24.002407	-22.0	-100.0	0.73333335	0.033333335	0.0	-79.0	0.0	-79.0	-79.0	68.2	79.0	48	-6.729174	4.6957865	0.118834615	-20.503002	-6.729125	4.693472	0.12898579	-20.267677	-2.9032214	1.4670587	3.24147	-12.732832	6.2378774	1.013253	58265.799720048904
