Epoch	AverageEpRet	StdEpRet	MaxEpRet	MinEpRet	GoalReached	Collided	CriticallyCollided	AverageTestEpRet	StdTestEpRet	MaxTestEpRet	MinTestEpRet	EpLen	TestEpLen	TotalEnvInteracts	AverageQ1Vals	StdQ1Vals	MaxQ1Vals	MinQ1Vals	AverageQ2Vals	StdQ2Vals	MaxQ2Vals	MinQ2Vals	AverageLogPi	StdLogPi	MaxLogPi	MinLogPi	LossPi	LossQ	Time
0	-100.0	0.0	-100.0	-100.0	0.0	0.0	0.0	-100.0	0.0	-100.0	-100.0	99.0	100.0	99	-0.4156928	0.1709489	0.1088818	-0.7667184	-0.4195663	0.16216566	0.019698907	-0.7649843	-4.0967236	0.3030533	-1.926815	-9.478508	-0.39414537	0.02816003	746.764591217041
1	-95.5	17.897392	-9.0	-100.0	0.0	0.06666667	0.0	-100.0	0.0	-100.0	-100.0	94.5	100.0	99	-1.0671965	0.23196758	-0.4553662	-1.7853475	-1.0673347	0.23243341	-0.4563957	-1.7921584	-4.099408	0.2896725	-3.1369152	-9.456417	0.25944445	0.10946978	1488.6331813335419
2	-92.5	23.69353	-8.0	-100.0	0.0	0.13333334	0.0	-59.0	0.0	-59.0	-59.0	91.5	59.0	99	-1.7422485	0.28257912	-0.5850599	-2.7896986	-1.7423772	0.2849358	-0.5878898	-2.816629	-4.098814	0.29692706	-3.0384235	-8.840495	0.9467792	0.26038203	2206.36127948761
3	-93.933334	18.420883	-9.0	-100.0	0.0	0.13333334	0.0	-66.0	0.0	-66.0	-66.0	92.933334	66.0	58	-2.313783	0.42954248	-0.61435556	-4.2344213	-2.3138711	0.43460366	-0.6570541	-4.2236886	-4.092063	0.31308645	-2.8034353	-10.103096	1.542617	0.4220622	2936.256069421768
4	-86.933334	28.507233	-8.0	-100.0	0.0	0.2	0.0	-100.0	0.0	-100.0	-100.0	85.933334	100.0	99	-2.8257098	0.7312046	-0.60204196	-5.4911294	-2.8255775	0.7356143	-0.6269176	-5.5985155	-4.0858903	0.33271855	-2.810566	-8.927918	2.0917351	0.5352195	3624.925103664398
5	-87.8	28.855272	-7.0	-100.0	0.0	0.16666667	0.033333335	-56.0	0.0	-56.0	-56.0	86.8	56.0	99	-3.387865	1.0849693	-0.5593979	-6.4875727	-3.3873992	1.0866511	-0.5863387	-6.4590006	-4.0794706	0.34725004	-2.5769796	-10.183989	2.6931145	0.5991802	4308.218407392502
6	-79.066666	34.926525	-7.0	-100.0	0.0	0.3	0.033333335	-10.0	0.0	-10.0	-10.0	78.066666	10.0	99	-3.9538786	1.4449332	-0.56401443	-7.715953	-3.9538891	1.4434717	-0.61928236	-7.5315595	-4.0589414	0.40415764	-1.744741	-8.848766	3.2926934	0.6736716	4922.462468147278
7	-98.23333	8.309365	-54.0	-100.0	0.0	0.06666667	0.0	-100.0	0.0	-100.0	-100.0	97.23333	100.0	99	-4.5401897	1.7667398	-0.4280672	-8.795731	-4.539997	1.7618965	-0.58577716	-8.420188	-4.0132136	0.49787703	-0.9547348	-10.2668295	3.9005306	0.7501181	5695.997861146927
8	-90.8	24.357615	-6.0	-100.0	0.0	0.16666667	0.0	-100.0	0.0	-100.0	-100.0	89.8	100.0	99	-5.072991	2.080183	-0.37445408	-9.185701	-5.0735908	2.0794554	-0.44625583	-9.179906	-3.955419	0.5989138	-0.60765505	-9.621164	4.4461455	0.8095278	6416.818503141403
9	-92.46667	23.596235	-9.0	-100.0	0.0	0.1	0.0	-100.0	0.0	-100.0	-100.0	91.46667	100.0	99	-5.5279136	2.39713	-0.32676148	-10.206495	-5.5277267	2.3999183	-0.38989872	-10.065145	-3.872641	0.7109864	0.12430525	-9.431395	4.904148	0.8462204	7146.319509983063
10	-93.8	23.199715	-6.0	-100.0	0.0	0.06666667	0.0	-100.0	0.0	-100.0	-100.0	92.8	100.0	7	-5.8177304	2.7462978	-0.2924341	-11.121782	-5.8181424	2.7482774	-0.30937564	-11.121637	-3.7672338	0.8353567	0.59593105	-10.27964	5.188972	0.8312129	7883.684121370316
11	-99.166664	4.4876375	-75.0	-100.0	0.0	0.033333335	0.0	-100.0	0.0	-100.0	-100.0	98.166664	100.0	99	-6.1079655	3.0623844	-0.26844105	-11.913965	-6.1082325	3.063951	-0.2788521	-11.874973	-3.7088866	0.8912422	0.13472843	-10.280024	5.487492	0.8086788	8661.738196134567
12	-98.5	8.077747	-55.0	-100.0	0.0	0.033333335	0.0	-100.0	0.0	-100.0	-100.0	97.5	100.0	99	-6.4296584	3.341462	-0.23446696	-13.202846	-6.430006	3.3418224	-0.24498998	-13.197951	-3.7172484	0.87780505	0.13857937	-10.496355	5.828003	0.8527109	9416.707938671112
13	-94.566666	18.150639	-10.0	-100.0	0.0	0.13333334	0.0	-100.0	0.0	-100.0	-100.0	93.566666	100.0	99	-6.7780266	3.6274335	-0.25139895	-14.316243	-6.777745	3.6293416	-0.2206537	-14.2021055	-3.7073677	0.87743187	0.16724682	-9.915342	6.1976666	0.93161345	10159.572054386139
14	-94.86667	17.930857	-10.0	-100.0	0.0	0.1	0.0	-100.0	0.0	-100.0	-100.0	93.86667	100.0	99	-7.1062264	3.8837585	-0.23119868	-15.189924	-7.106582	3.883443	-0.21246776	-15.254962	-3.709947	0.870931	-0.209836	-11.769323	6.538874	0.98542005	10906.962783575058
15	-95.36667	18.203451	-9.0	-100.0	0.0	0.06666667	0.0	-100.0	0.0	-100.0	-100.0	94.36667	100.0	99	-7.4743333	4.129955	-0.18176451	-16.028185	-7.474716	4.129868	-0.22813012	-15.949495	-3.7158134	0.8606465	-0.031917572	-11.16247	6.9214144	1.0596153	11656.898964643478
16	-97.8	8.486853	-59.0	-100.0	0.0	0.06666667	0.0	-100.0	0.0	-100.0	-100.0	96.8	100.0	99	-7.858586	4.3804965	-0.17814638	-16.865215	-7.858536	4.379947	-0.21056104	-16.758257	-3.726194	0.850184	-0.42086506	-10.814982	7.3250113	1.1349614	12424.259342193604
17	-100.0	0.0	-100.0	-100.0	0.0	0.0	0.0	-100.0	0.0	-100.0	-100.0	99.0	100.0	99	-8.152286	4.6116095	-0.18976787	-17.739428	-8.152363	4.6113863	-0.19010037	-17.818964	-3.6570728	0.92173266	0.95261	-10.902986	7.6096606	1.1647884	13210.959830760956
18	-97.76667	9.156722	-52.0	-100.0	0.0	0.06666667	0.0	-96.0	0.0	-96.0	-96.0	96.76667	96.0	99	-8.114436	4.8899865	-0.14074814	-18.648079	-8.11451	4.8887067	-0.20237412	-18.576256	-3.4716358	1.0839301	1.2537136	-11.73676	7.5193286	0.9983647	13980.222938299179
19	-97.2	11.08272	-44.0	-100.0	0.0	0.06666667	0.0	-100.0	0.0	-100.0	-100.0	96.2	100.0	99	-8.092492	5.158503	-0.12592752	-19.415337	-8.092784	5.157033	-0.15704602	-19.202475	-3.430147	1.1158779	1.2966404	-11.925962	7.4885497	0.8548652	14748.313969612122
20	-95.833336	16.745316	-10.0	-100.0	0.0	0.1	0.0	-68.0	0.0	-68.0	-68.0	94.833336	68.0	99	-8.201029	5.3974795	-0.12140283	-20.409412	-8.200905	5.3968253	-0.11547002	-20.212887	-3.495358	1.0633657	1.1573143	-12.355011	7.612662	0.839699	15498.916906833649
21	-95.76667	17.465551	-8.0	-100.0	0.0	0.06666667	0.0	-100.0	0.0	-100.0	-100.0	94.76667	100.0	99	-8.338042	5.5868134	-0.10481518	-21.309816	-8.338149	5.586166	-0.12112113	-21.307886	-3.5542798	1.0126905	0.46182823	-11.038424	7.7675457	0.90213805	16255.97578048706
22	-93.9	22.824474	-8.0	-100.0	0.0	0.06666667	0.0	-100.0	0.0	-100.0	-100.0	92.9	100.0	99	-8.600739	5.79447	-0.106374495	-22.53544	-8.60072	5.7942314	-0.117862165	-22.537127	-3.6047742	0.9606337	0.0407238	-11.970559	8.048884	0.9686556	16997.591992855072
23	-95.666664	17.752619	-7.0	-100.0	0.0	0.06666667	0.0	-100.0	0.0	-100.0	-100.0	94.666664	100.0	99	-8.892971	5.99774	-0.08486217	-23.273733	-8.892825	5.996506	-0.13713525	-23.125591	-3.637821	0.93305916	0.48527336	-10.374702	8.355119	1.0245813	17735.529670715332
24	-98.333336	8.975275	-50.0	-100.0	0.0	0.06666667	0.0	-100.0	0.0	-100.0	-100.0	97.333336	100.0	99	-9.16447	6.159449	-0.1134092	-23.846537	-9.16429	6.159278	-0.14272338	-23.953365	-3.6492448	0.9217796	-0.0759058	-10.887474	8.634319	1.0941435	18508.398040294647
25	-97.0	16.155495	-10.0	-100.0	0.0	0.033333335	0.0	-100.0	0.0	-100.0	-100.0	96.0	100.0	99	-9.426548	6.3464932	-0.12022575	-25.201414	-9.426843	6.3453603	-0.1295292	-24.755743	-3.6615262	0.91187453	0.45619774	-10.949646	8.91502	1.1735568	19255.771512269974
26	-99.4	3.2310984	-82.0	-100.0	0.0	0.033333335	0.0	-100.0	0.0	-100.0	-100.0	98.4	100.0	99	-9.695219	6.493277	-0.120517604	-25.48988	-9.695031	6.4940705	-0.14022009	-25.305477	-3.646447	0.915925	-0.13600922	-10.774646	9.185028	1.2184098	20036.07636833191
27	-95.566666	17.753277	-9.0	-100.0	0.0	0.06666667	0.0	-100.0	0.0	-100.0	-100.0	94.566666	100.0	99	-9.92371	6.667185	-0.1111647	-25.946503	-9.923882	6.666255	-0.15530227	-25.828943	-3.6209924	0.9441912	2.3284712	-11.12163	9.415007	1.2765025	20791.60224056244
28	-93.76667	20.051073	-7.0	-100.0	0.0	0.13333334	0.0	-100.0	0.0	-100.0	-100.0	92.76667	100.0	99	-9.922802	6.8438168	-0.097946875	-26.826838	-9.922853	6.8439474	-0.13942063	-26.563547	-3.4509037	1.1052303	2.721609	-11.080023	9.357772	1.2026925	21537.6038210392
29	-92.4	17.048166	-48.0	-100.0	0.0	0.16666667	0.0	-97.0	0.0	-97.0	-97.0	91.4	97.0	99	-9.774955	7.068648	-0.087029785	-27.41916	-9.774839	7.068729	-0.13811499	-27.292685	-3.3773909	1.1495492	1.382751	-10.914209	9.186217	1.1024597	22270.327689170837
30	-95.76667	17.358347	-9.0	-100.0	0.0	0.06666667	0.0	-55.0	0.0	-55.0	-55.0	94.76667	55.0	99	-9.598586	7.2129564	-0.095390886	-28.05544	-9.598651	7.2122636	-0.13100696	-27.809591	-3.4009283	1.1284388	0.9139147	-10.769648	9.013483	1.065464	23019.210208654404
31	-93.2	21.07036	-9.0	-100.0	0.0	0.1	0.0	-100.0	0.0	-100.0	-100.0	92.2	100.0	99	-9.580352	7.3641453	-0.09973946	-28.349579	-9.580521	7.364164	-0.12927845	-28.362349	-3.4329138	1.104813	1.663867	-9.79739	8.995506	1.042336	23751.855499505997
32	-96.9	16.50929	-8.0	-100.0	0.0	0.1	0.0	-56.0	0.0	-56.0	-56.0	95.9	56.0	99	-9.577914	7.458963	-0.12921803	-28.55307	-9.577851	7.4590735	-0.13246673	-28.632473	-3.4519396	1.0854732	1.0225134	-11.004407	8.991685	1.007974	24505.99803161621
33	-91.433334	24.156	-7.0	-100.0	0.0	0.13333334	0.0	-100.0	0.0	-100.0	-100.0	90.433334	100.0	99	-9.464317	7.53399	-0.094925776	-28.915316	-9.464896	7.5331035	-0.117274374	-29.1521	-3.3062267	1.207919	1.9425688	-10.115388	8.838917	0.91844505	25234.032277584076
34	-93.9	18.909168	-7.0	-100.0	0.033333335	0.1	0.0	-100.0	0.0	-100.0	-100.0	92.933334	100.0	99	-9.1522255	7.5727315	-0.1027272	-29.882595	-9.151881	7.5724535	-0.11190182	-29.413544	-3.239839	1.2569416	1.9208803	-11.267662	8.5057	0.7846684	25982.450335502625
35	-95.3	13.847141	-45.0	-100.0	0.0	0.16666667	0.0	-100.0	0.0	-100.0	-100.0	94.3	100.0	99	-8.876464	7.5245037	-0.11421905	-29.83444	-8.87689	7.52421	-0.103903145	-29.899004	-3.2462165	1.2457361	1.7984514	-12.665013	8.2314	0.7447792	26740.200875520706
36	-96.96667	11.368035	-52.0	-100.0	0.0	0.06666667	0.0	-100.0	0.0	-100.0	-100.0	95.96667	100.0	99	-8.695369	7.4453645	-0.114753075	-29.71567	-8.695121	7.4458475	-0.1226647	-29.866856	-3.29817	1.2070552	1.5643306	-10.434085	8.057514	0.71052885	27509.250945568085
37	-96.96667	16.335	-9.0	-100.0	0.0	0.033333335	0.0	-49.0	0.0	-49.0	-49.0	95.96667	49.0	99	-8.595643	7.3342476	-0.10194068	-30.355648	-8.595763	7.3335752	-0.11685392	-30.173073	-3.3329475	1.1788412	1.3616896	-10.49784	7.969068	0.72377	28265.323622703552
38	-89.63333	25.248741	-7.0	-100.0	0.033333335	0.16666667	0.0	-100.0	0.0	-100.0	-100.0	88.666664	100.0	99	-8.476499	7.2094393	-0.08747254	-30.564514	-8.476426	7.209741	-0.11151081	-30.508913	-3.2561789	1.2335618	1.7057228	-11.947426	7.8318357	0.6724987	28984.558287620544
39	-78.46667	32.02263	-7.0	-100.0	0.13333334	0.26666668	0.033333335	-100.0	0.0	-100.0	-100.0	77.6	100.0	99	-8.2376175	7.066962	-0.0707072	-31.075453	-8.237829	7.066726	-0.11577469	-31.367498	-3.2124567	1.2556312	1.7036715	-12.3859825	7.5794053	0.6241284	29624.36834216118
40	-85.36667	31.350157	-8.0	-100.0	0.06666667	0.16666667	0.0	-100.0	0.0	-100.0	-100.0	84.433334	100.0	99	-8.028067	6.936287	-0.092115276	-31.615524	-8.028068	6.936561	-0.1124799	-31.25784	-3.2023304	1.2526869	2.3892488	-10.189351	7.3631024	0.57482314	30310.899775743484
41	-81.1	31.427534	-7.0	-100.0	0.06666667	0.23333333	0.0	-100.0	0.0	-100.0	-100.0	80.166664	100.0	99	-7.7832074	6.7563467	-0.08124791	-31.107023	-7.78309	6.755731	-0.10186293	-31.394188	-3.2263434	1.2371926	2.677144	-11.149397	7.1191096	0.5671518	30967.625405073166
42	-93.066666	14.990961	-45.0	-100.0	0.13333334	0.1	0.0	-100.0	0.0	-100.0	-100.0	92.2	100.0	99	-7.6369896	6.6223016	-0.0822661	-31.439047	-7.637329	6.622444	-0.09312038	-31.194445	-3.2396696	1.2280084	1.6720095	-13.365481	6.9681625	0.5400391	31711.55594944954
43	-94.5	13.934968	-47.0	-100.0	0.1	0.06666667	0.0	-100.0	0.0	-100.0	-100.0	93.6	100.0	99	-7.4212117	6.400758	-0.09510677	-31.304434	-7.4214144	6.400281	-0.092752725	-32.832806	-3.2596247	1.2130923	1.6430826	-12.226931	6.756827	0.5178164	32466.199184417725
44	-91.333336	20.347538	-7.0	-100.0	0.06666667	0.13333334	0.0	-100.0	0.0	-100.0	-100.0	90.4	100.0	99	-7.3202515	6.2485867	-0.09569415	-31.446566	-7.3201556	6.248847	-0.08815606	-31.911335	-3.2672665	1.2065545	1.4688292	-12.843187	6.65688	0.51353335	33197.266880750656
45	-89.7	18.945799	-33.0	-100.0	0.16666667	0.1	0.0	-100.0	0.0	-100.0	-100.0	88.86667	100.0	50	-7.2243514	6.1547546	-0.101321355	-31.551022	-7.2244864	6.154438	-0.09752626	-32.04315	-3.279016	1.1943569	1.2172198	-10.121258	6.561546	0.49708542	33918.17372632027
46	-85.36667	28.962603	-7.0	-100.0	0.13333334	0.13333334	0.033333335	-100.0	0.0	-100.0	-100.0	84.5	100.0	99	-7.122797	6.034402	-0.07944422	-31.56226	-7.122948	6.0340533	-0.081442714	-32.058918	-3.2801793	1.1964065	1.1800194	-11.224444	6.4606	0.48556805	34607.40745353699
47	-94.666664	16.00486	-45.0	-100.0	0.1	0.0	0.0	-100.0	0.0	-100.0	-100.0	93.76667	100.0	99	-7.028045	5.918498	-0.06178756	-30.796352	-7.0281754	5.918342	-0.07737049	-31.457817	-3.3163013	1.167437	1.2375813	-12.700514	6.370671	0.47382808	35364.24105024338
48	-91.13333	16.682793	-48.0	-100.0	0.2	0.033333335	0.0	-100.0	0.0	-100.0	-100.0	90.333336	100.0	99	-6.9846883	5.8073664	-0.08761086	-30.455444	-6.9846435	5.8079596	-0.08308606	-31.037277	-3.3138857	1.1697915	0.9132929	-10.803677	6.3257675	0.4629593	36095.74665141106
49	-94.36667	12.916354	-50.0	-100.0	0.16666667	0.033333335	0.0	-100.0	0.0	-100.0	-100.0	93.53333	100.0	99	-6.891786	5.6973386	-0.082891665	-31.20673	-6.891961	5.6970897	-0.08579835	-31.0561	-3.3063922	1.1685884	0.90371037	-9.763369	6.2347093	0.46698588	36849.656428813934
50	-95.5	14.856536	-24.0	-100.0	0.1	0.033333335	0.0	-100.0	0.0	-100.0	-100.0	94.6	100.0	94	-6.837537	5.6420054	-0.085293025	-31.055784	-6.837482	5.6423626	-0.08284814	-31.509382	-3.3070064	1.1800315	1.0714397	-11.5703945	6.180549	0.45489776	37610.69552898407
51	-88.1	22.198122	-9.0	-100.0	0.13333334	0.16666667	0.0	-19.0	0.0	-19.0	-19.0	87.23333	20.0	43	-6.777903	5.560899	-0.07787903	-31.156158	-6.7779045	5.561228	-0.07492437	-31.173529	-3.3134747	1.1672189	1.0857267	-10.491826	6.124864	0.45306173	38302.4556581974
52	-83.23333	26.94152	-7.0	-100.0	0.23333333	0.2	0.033333335	-26.0	0.0	-26.0	-26.0	82.46667	27.0	99	-6.7669506	5.5193553	-0.07483895	-31.14998	-6.766987	5.519414	-0.07417083	-30.876938	-3.317578	1.1678857	0.46055365	-11.964818	6.1146054	0.4513613	38960.85131192207
53	-93.166664	13.286793	-54.0	-100.0	0.23333333	0.06666667	0.0	-100.0	0.0	-100.0	-100.0	92.4	100.0	99	-6.711519	5.4458175	-0.06474887	-30.71807	-6.711625	5.4457464	-0.0633519	-30.505392	-3.3201494	1.1638606	1.0323334	-10.386548	6.0597863	0.44503582	39707.45418095589
54	-92.666664	18.916187	-9.0	-100.0	0.2	0.033333335	0.0	-100.0	0.0	-100.0	-100.0	91.86667	100.0	99	-6.701176	5.412846	-0.0863163	-30.545076	-6.700904	5.412685	-0.067416534	-30.268139	-3.3282704	1.1627525	0.62465477	-10.579213	6.054502	0.45860392	40448.794102191925
55	-86.7	24.425602	-7.0	-100.0	0.23333333	0.1	0.0	-54.0	0.0	-54.0	-54.0	85.933334	54.0	99	-6.650982	5.3597856	-0.072335295	-30.582376	-6.650984	5.359822	-0.07312357	-30.324888	-3.3278897	1.1556921	0.77499104	-10.509514	6.008106	0.46600693	41138.4586250782
56	-89.433334	20.803339	-9.0	-100.0	0.23333333	0.033333335	0.0	-100.0	0.0	-100.0	-100.0	88.666664	100.0	99	-6.6571503	5.337324	-0.062281378	-29.923685	-6.6572075	5.337594	-0.0595593	-30.027636	-3.3335128	1.159344	0.5357733	-11.492193	6.0111613	0.44928092	41858.20955133438
57	-92.5	14.635004	-51.0	-100.0	0.16666667	0.1	0.0	-100.0	0.0	-100.0	-100.0	91.666664	100.0	99	-6.6299477	5.298535	-0.06585804	-30.527206	-6.6296344	5.299018	-0.07796505	-30.169592	-3.3285754	1.1481259	0.6776743	-10.77409	5.990436	0.46545273	42599.05641937256
58	-80.76667	31.534832	-8.0	-100.0	0.2	0.16666667	0.0	-36.0	0.0	-36.0	-36.0	79.96667	37.0	67	-6.6375546	5.310771	-0.07223907	-30.856655	-6.6378756	5.310801	-0.06952943	-30.334967	-3.3098934	1.1720089	1.2229986	-11.050992	6.0009513	0.4657961	43241.98027038574
59	-94.4	13.052712	-53.0	-100.0	0.1	0.1	0.0	-68.0	0.0	-68.0	-68.0	93.5	69.0	66	-6.5935345	5.2682714	-0.069204845	-29.427555	-6.593568	5.268232	-0.062461127	-28.974756	-3.309832	1.1696408	0.57289743	-10.559549	5.9515085	0.46010467	43987.96211004257
60	-88.36667	20.74525	-8.0	-100.0	0.33333334	0.033333335	0.033333335	-20.0	0.0	-20.0	-20.0	87.7	21.0	99	-6.59091	5.2487926	-0.06349844	-29.474064	-6.590931	5.2489038	-0.06930672	-29.222403	-3.3049185	1.1725816	1.449686	-10.663562	5.949086	0.4585385	44684.109369039536
61	-85.76667	24.039804	-8.0	-100.0	0.2	0.13333334	0.0	-54.0	0.0	-54.0	-54.0	84.96667	54.0	74	-6.5919433	5.2150683	-0.06935081	-29.678175	-6.5919356	5.21508	-0.06290127	-29.476427	-3.3204684	1.1599617	0.9619951	-11.141924	5.9566097	0.4729954	45366.338114738464
62	-88.8	18.34557	-43.0	-100.0	0.23333333	0.1	0.0	-83.0	0.0	-83.0	-83.0	88.03333	84.0	99	-6.5872912	5.1962667	-0.05798931	-30.362474	-6.5871296	5.196378	-0.05137475	-29.57221	-3.3142347	1.1604959	0.81775665	-10.536787	5.9531155	0.47006094	46078.942278862
63	-85.13333	24.747705	-8.0	-100.0	0.3	0.13333334	0.0	-13.0	0.0	-13.0	-13.0	84.433334	13.0	99	-6.5895586	5.1977077	-0.050760664	-29.506094	-6.589451	5.1982265	-0.05086792	-29.95579	-3.2987452	1.1718553	0.8101845	-10.469578	5.951773	0.4698734	46748.972118616104
64	-95.666664	10.270778	-64.0	-100.0	0.23333333	0.033333335	0.0	-100.0	0.0	-100.0	-100.0	94.9	100.0	95	-6.5783777	5.19425	-0.066689104	-29.071278	-6.5784335	5.194346	-0.054264367	-28.685509	-3.3021193	1.1732042	0.58668804	-10.854606	5.9460454	0.48271397	47511.183447122574
65	-87.13333	19.705723	-44.0	-100.0	0.23333333	0.1	0.0	-100.0	0.0	-100.0	-100.0	86.36667	100.0	99	-6.5829268	5.1903057	-0.054090884	-28.803932	-6.5827684	5.1908073	-0.04609085	-29.336018	-3.3028867	1.169749	0.58773136	-11.074502	5.9492545	0.47547525	48214.26058673859
66	-89.9	17.998795	-39.0	-100.0	0.3	0.06666667	0.0	-100.0	0.0	-100.0	-100.0	89.2	100.0	55	-6.549552	5.1676946	-0.06004738	-29.025843	-6.5495915	5.1677003	-0.04629017	-29.301872	-3.2824714	1.1809595	1.319931	-11.199953	5.9135256	0.4744706	48937.448115348816
67	-94.36667	13.260174	-53.0	-100.0	0.1	0.1	0.0	-8.0	0.0	-8.0	-8.0	93.46667	8.0	78	-6.5380607	5.138487	-0.061036922	-30.013157	-6.53812	5.1386085	-0.04827889	-29.449987	-3.2846034	1.1854519	0.42644072	-12.793137	5.905128	0.4810146	49669.21221756935
68	-94.6	14.032345	-39.0	-100.0	0.1	0.13333334	0.0	-49.0	0.0	-49.0	-49.0	93.7	50.0	99	-6.562699	5.170455	-0.06267576	-28.831354	-6.562651	5.170615	-0.05429748	-28.681686	-3.2800984	1.1855363	0.61830044	-10.847768	5.929896	0.47705382	50415.65493988991
69	-92.166664	14.047737	-52.0	-100.0	0.3	0.033333335	0.0	-100.0	0.0	-100.0	-100.0	91.46667	100.0	99	-6.572087	5.1667123	-0.060081527	-29.329178	-6.5721707	5.1668077	-0.05161481	-29.068312	-3.2756963	1.1864643	0.89150524	-12.312948	5.943664	0.49353626	51155.75429534912
70	-83.4	22.490885	-17.0	-100.0	0.36666667	0.06666667	0.0	-50.0	0.0	-50.0	-50.0	82.76667	51.0	99	-6.5322638	5.1211233	-0.069474496	-29.286098	-6.532254	5.1216903	-0.04804314	-28.717144	-3.285383	1.1796198	0.7522621	-11.081645	5.905957	0.4871711	51824.81334114075
71	-85.63333	17.883854	-49.0	-100.0	0.33333334	0.16666667	0.0	-100.0	0.0	-100.0	-100.0	84.96667	100.0	99	-6.489537	5.074049	-0.061528616	-29.672829	-6.4893208	5.074897	-0.044879537	-29.029087	-3.2638712	1.1951528	0.8716469	-10.182922	5.859726	0.48214662	52520.096302986145
72	-84.1	20.599918	-39.0	-100.0	0.56666666	0.0	0.0	-100.0	0.0	-100.0	-100.0	83.666664	100.0	91	-6.488805	5.0655866	-0.06224159	-28.870564	-6.488793	5.065999	-0.044039063	-28.696077	-3.2536	1.2071222	0.8022585	-10.689342	5.861737	0.48040485	53204.60326743126
73	-93.2	12.957366	-57.0	-100.0	0.23333333	0.033333335	0.0	-100.0	0.0	-100.0	-100.0	92.433334	100.0	99	-6.503362	5.077863	-0.056343086	-28.797258	-6.5033636	5.0781393	-0.040672988	-28.564081	-3.2601416	1.1946323	0.8725147	-10.800222	5.8770027	0.48491943	53952.52885770798
74	-80.03333	27.205984	-9.0	-100.0	0.26666668	0.13333334	0.0	-28.0	0.0	-28.0	-28.0	79.3	29.0	46	-6.5349374	5.0891967	-0.05851204	-29.18472	-6.534953	5.0890617	-0.046490826	-28.931515	-3.258893	1.2006786	0.5395336	-11.908019	5.912824	0.4943225	54588.1633605957
75	-83.26667	22.294893	-27.0	-100.0	0.4	0.1	0.0	-100.0	0.0	-100.0	-100.0	82.666664	100.0	87	-6.511081	5.0722065	-0.050282877	-28.40908	-6.510969	5.0723963	-0.045003895	-28.529917	-3.2610393	1.1965905	0.8811493	-12.222483	5.887349	0.48569843	55265.80587935448
76	-88.23333	20.647327	-30.0	-100.0	0.23333333	0.06666667	0.0	-18.0	0.0	-18.0	-18.0	87.46667	19.0	99	-6.5101576	5.0502906	-0.052461293	-28.16354	-6.5101247	5.050521	-0.04398357	-28.002106	-3.2574115	1.1971629	0.72150326	-11.193363	5.8896327	0.49556687	55958.74674153328
77	-86.03333	20.796608	-28.0	-100.0	0.36666667	0.033333335	0.0	-100.0	0.0	-100.0	-100.0	85.4	100.0	52	-6.518657	5.0640187	-0.051014185	-29.185213	-6.5189238	5.0639606	-0.04050883	-28.589478	-3.243026	1.202564	0.56274796	-12.02932	5.8999343	0.49969405	56655.20056772232
78	-85.666664	20.296686	-37.0	-100.0	0.3	0.13333334	0.0	-100.0	0.0	-100.0	-100.0	84.96667	100.0	99	-6.4890356	5.0242043	-0.051322073	-29.355843	-6.4885354	5.024642	-0.04655495	-29.1255	-3.2403924	1.204147	0.83815575	-11.625803	5.872795	0.50962955	57350.32992434502
79	-86.3	18.85939	-44.0	-100.0	0.36666667	0.1	0.0	-100.0	0.0	-100.0	-100.0	85.666664	100.0	55	-6.427876	4.9582796	-0.0564878	-29.19023	-6.42818	4.9583974	-0.045794442	-29.526535	-3.236642	1.2065208	1.784872	-12.15048	5.8150926	0.51553017	58050.208542108536
80	-89.066666	19.712828	-27.0	-100.0	0.3	0.033333335	0.0	-23.0	0.0	-23.0	-23.0	88.36667	24.0	99	-6.4540644	4.9840164	-0.039581984	-28.68288	-6.4538693	4.9840455	-0.04469511	-28.790045	-3.238152	1.2088894	0.99311066	-12.072136	5.840971	0.51025087	58751.31233263016
81	-78.76667	23.666689	-32.0	-100.0	0.33333334	0.26666668	0.033333335	-20.0	0.0	-20.0	-20.0	78.1	21.0	99	-6.437396	4.950459	-0.050099432	-29.999777	-6.4372888	4.9508247	-0.044941418	-29.43742	-3.2333694	1.2120636	0.7927246	-10.55397	5.8266253	0.5123688	59380.87668848038
82	-84.0	20.466232	-36.0	-100.0	0.46666667	0.0	0.0	-100.0	0.0	-100.0	-100.0	83.46667	100.0	99	-6.4547305	4.946562	-0.049997397	-29.175316	-6.4545555	4.946655	-0.040170103	-29.076302	-3.2114058	1.2213385	0.9899893	-12.25167	5.8425064	0.5053505	60066.46702980995
83	-85.333336	23.522093	-11.0	-100.0	0.23333333	0.16666667	0.0	-100.0	0.0	-100.0	-100.0	84.566666	100.0	82	-6.4032083	4.8808646	-0.0518571	-28.642778	-6.40285	4.8809724	-0.04853633	-28.546295	-3.2213225	1.222106	0.7042341	-14.554083	5.79628	0.51859915	60759.533279657364
84	-83.13333	22.510344	-9.0	-100.0	0.4	0.06666667	0.0	-100.0	0.0	-100.0	-100.0	82.53333	100.0	64	-6.3881702	4.863898	-0.06125541	-29.275356	-6.3885093	4.863385	-0.05533217	-29.191208	-3.2077165	1.219806	0.79230213	-11.15144	5.7836547	0.5156401	61437.83834242821
85	-84.066666	23.556929	-8.0	-100.0	0.26666668	0.16666667	0.0	-22.0	0.0	-22.0	-22.0	83.333336	23.0	99	-6.3808517	4.845687	-0.05577966	-29.285315	-6.3805685	4.8461704	-0.056231942	-29.108517	-3.2207572	1.2187021	0.9376478	-11.721383	5.776956	0.52794576	62102.16347312927
86	-87.3	19.908373	-41.0	-100.0	0.33333334	0.033333335	0.0	-22.0	0.0	-22.0	-22.0	86.63333	23.0	99	-6.3944244	4.847943	-0.05473902	-29.755087	-6.3947635	4.8481946	-0.046588793	-29.505865	-3.1891315	1.2338139	0.8894119	-10.977187	5.7900496	0.52909523	62790.24245786667
87	-76.26667	24.21285	-9.0	-100.0	0.5	0.1	0.0	-41.0	0.0	-41.0	-41.0	75.76667	42.0	8	-6.351075	4.80347	-0.04737691	-28.875402	-6.351294	4.8028913	-0.047688305	-28.700203	-3.1964068	1.2313138	1.2720852	-11.237286	5.7541904	0.528539	63407.23466229439
88	-82.26667	21.083853	-38.0	-100.0	0.36666667	0.1	0.0	-51.0	0.0	-51.0	-51.0	81.63333	52.0	99	-6.374106	4.806706	-0.049227104	-28.081444	-6.3739867	4.8067822	-0.048095092	-27.969603	-3.2170947	1.218079	0.8673172	-10.903055	5.78174	0.54545766	64067.04412817955
89	-83.3	21.489765	-31.0	-100.0	0.36666667	0.06666667	0.0	-41.0	0.0	-41.0	-41.0	82.666664	42.0	99	-6.3727374	4.7752156	-0.049246043	-27.934715	-6.372785	4.7750783	-0.045689233	-28.2358	-3.197021	1.2284427	1.195507	-11.374498	5.7788515	0.54401314	64732.35332989693
90	-82.2	20.994284	-35.0	-100.0	0.43333334	0.033333335	0.0	-100.0	0.0	-100.0	-100.0	81.63333	100.0	41	-6.3682375	4.7621818	-0.051678576	-27.466022	-6.3682065	4.762742	-0.04371561	-27.406483	-3.1859138	1.2355531	0.76584387	-11.526118	5.776622	0.5438191	65404.683961868286
91	-78.7	25.653004	-9.0	-100.0	0.4	0.06666667	0.0	-37.0	0.0	-37.0	-37.0	78.1	38.0	51	-6.3519354	4.7573857	-0.05451556	-27.32539	-6.3519754	4.75706	-0.043004036	-27.456768	-3.1884315	1.2365332	0.73181057	-11.626009	5.764411	0.55019915	66037.0115866661
92	-86.833336	20.248594	-28.0	-100.0	0.36666667	0.033333335	0.0	-100.0	0.0	-100.0	-100.0	86.2	100.0	99	-6.362163	4.724804	-0.052358158	-27.341604	-6.3620353	4.725518	-0.04480444	-27.475498	-3.1720064	1.2473465	0.9897766	-11.25671	5.770135	0.5484281	66740.34794211388
93	-82.13333	22.210707	-35.0	-100.0	0.33333334	0.1	0.033333335	-17.0	0.0	-17.0	-17.0	81.46667	18.0	99	-6.3451457	4.700099	-0.057461455	-28.099138	-6.3452787	4.700272	-0.040464547	-27.760904	-3.1770456	1.2488977	1.1474657	-11.285905	5.757706	0.5527349	67394.02976584435
94	-82.166664	25.162249	-8.0	-100.0	0.36666667	0.1	0.0	-86.0	0.0	-86.0	-86.0	81.53333	87.0	96	-6.3535976	4.6823215	-0.051370006	-27.221752	-6.3533535	4.682902	-0.048407868	-27.471571	-3.170299	1.2452571	0.75913715	-11.209428	5.771809	0.554427	68061.67847299576
95	-78.833336	23.199259	-21.0	-100.0	0.53333336	0.06666667	0.0	-100.0	0.0	-100.0	-100.0	78.36667	100.0	95	-6.345499	4.6630487	-0.05336126	-27.905602	-6.3455133	4.6627913	-0.04801488	-27.490751	-3.1770751	1.248541	0.91386795	-11.68496	5.7698846	0.57671076	68713.3713696003
96	-88.8	19.391407	-42.0	-100.0	0.33333334	0.0	0.0	-100.0	0.0	-100.0	-100.0	88.13333	100.0	96	-6.352776	4.640811	-0.046647202	-26.986822	-6.352614	4.6408353	-0.047480464	-26.95028	-3.1819737	1.2396683	0.8841872	-11.932415	5.7788663	0.5827153	69429.62986445427
97	-82.166664	25.029425	-27.0	-100.0	0.3	0.06666667	0.0	-18.0	0.0	-18.0	-18.0	81.46667	19.0	99	-6.3437905	4.627742	-0.050298333	-26.96602	-6.3439336	4.627881	-0.047345	-26.876024	-3.1677868	1.2524958	1.0920863	-11.658813	5.7737417	0.5825821	70081.36966562271
98	-86.433334	18.505285	-46.0	-100.0	0.43333334	0.0	0.0	-100.0	0.0	-100.0	-100.0	85.86667	100.0	99	-6.3401227	4.590016	-0.04161914	-26.817661	-6.340097	4.590843	-0.044940736	-26.969217	-3.1461918	1.261772	1.1215286	-12.20659	5.769467	0.58580136	70784.61127591133
99	-88.23333	16.471558	-50.0	-100.0	0.4	0.06666667	0.033333335	-13.0	0.0	-13.0	-13.0	87.63333	14.0	83	-6.3326235	4.6387153	-0.03009024	-27.052992	-6.3324876	4.639538	-0.032496974	-26.925198	-3.1409366	1.2657043	1.2187004	-10.7469225	5.76121	0.58981985	71477.72902321815
100	-77.066666	25.484549	-23.0	-100.0	0.46666667	0.13333334	0.0	-100.0	0.0	-100.0	-100.0	76.53333	100.0	30	-6.331343	4.612068	-0.038673963	-26.640652	-6.3313503	4.6111956	-0.03589238	-26.701681	-3.1285517	1.2647585	1.1776614	-10.820346	5.7649817	0.59526265	72115.68492865562
101	-81.53333	19.897627	-45.0	-100.0	0.46666667	0.06666667	0.0	-51.0	0.0	-51.0	-51.0	81.0	52.0	51	-6.315318	4.577021	-0.03979084	-26.95235	-6.3155837	4.576792	-0.022380251	-26.928408	-3.1139684	1.2839657	1.0558252	-11.2134695	5.7463455	0.5891735	72771.47657489777
102	-83.03333	21.772282	-7.0	-100.0	0.46666667	0.1	0.0	-48.0	0.0	-48.0	-48.0	82.5	49.0	99	-6.344806	4.596694	-0.03257651	-26.669493	-6.345033	4.5969396	-0.02604007	-26.67027	-3.1249027	1.2800907	1.2739916	-12.661975	5.777797	0.5941463	73437.63914465904
103	-81.066666	22.279936	-38.0	-100.0	0.43333334	0.06666667	0.0	-13.0	0.0	-13.0	-13.0	80.5	14.0	38	-6.3210797	4.605076	-0.021674696	-27.460377	-6.3211446	4.604871	-0.039806798	-27.291536	-3.0989835	1.2876816	1.6083641	-12.319331	5.7546363	0.60674447	74082.35411286354
104	-81.23333	20.308754	-41.0	-100.0	0.46666667	0.1	0.0	-29.0	0.0	-29.0	-29.0	80.7	30.0	64	-6.307706	4.571225	-0.036754027	-27.944096	-6.3075404	4.5714684	-0.024843257	-27.43131	-3.0983953	1.2951814	1.0133653	-13.275295	5.7441826	0.59940964	74730.6882944107
105	-83.333336	22.679407	-29.0	-100.0	0.36666667	0.06666667	0.0	-26.0	0.0	-26.0	-26.0	82.7	27.0	99	-6.292436	4.5703025	-0.0354766	-27.579891	-6.2925158	4.5700464	-0.02733403	-27.53763	-3.1013708	1.2867788	1.4143467	-11.771639	5.734437	0.6195895	75392.62764573097
106	-83.53333	21.487568	-35.0	-100.0	0.36666667	0.06666667	0.0	-58.0	0.0	-58.0	-58.0	82.9	58.0	92	-6.2979474	4.533048	-0.04197336	-26.87344	-6.297792	4.533092	-0.03243444	-27.5918	-3.075712	1.3145508	1.0441294	-11.754259	5.7364054	0.6180791	76063.62225079536
107	-81.13333	21.209642	-31.0	-100.0	0.5	0.033333335	0.0	-46.0	0.0	-46.0	-46.0	80.63333	47.0	99	-6.2974553	4.5227375	-0.043039866	-26.597982	-6.297832	4.522829	-0.028976548	-27.651424	-3.1159728	1.2796258	1.0583177	-12.507257	5.7463984	0.62927043	76715.894790411
108	-88.5	18.557568	-41.0	-100.0	0.26666668	0.13333334	0.0	-100.0	0.0	-100.0	-100.0	87.76667	100.0	99	-6.2729554	4.4944105	-0.035384756	-27.507996	-6.2729616	4.494795	-0.0035095066	-27.184525	-3.084464	1.2994179	1.6736517	-11.0879135	5.720012	0.63965493	77430.4113433361
109	-78.7	21.599615	-37.0	-100.0	0.5	0.1	0.0	-100.0	0.0	-100.0	-100.0	78.2	100.0	46	-6.276211	4.4863453	-0.034531523	-26.652897	-6.2761593	4.486347	-0.013498262	-27.361526	-3.0735245	1.3160098	1.308783	-11.86447	5.723257	0.6299722	78075.8638355732
110	-83.3	19.30138	-36.0	-100.0	0.5	0.033333335	0.0	-36.0	0.0	-36.0	-36.0	82.8	37.0	99	-6.309492	4.4835377	-0.029984336	-26.15651	-6.3098283	4.483465	-0.016661525	-26.71406	-3.0848763	1.3033383	1.142106	-10.7456665	5.7586303	0.63614136	78741.17630457878
111	-82.8	22.41339	-27.0	-100.0	0.46666667	0.0	0.0	-7.0	0.0	-7.0	-7.0	82.26667	7.0	52	-6.3207774	4.4620047	-0.031036936	-26.032833	-6.3208604	4.462794	-0.01306989	-26.792658	-3.090796	1.3054736	1.4046717	-12.7349	5.771469	0.6465742	79395.43120121956
112	-73.36667	27.882473	-7.0	-100.0	0.53333336	0.13333334	0.0	-78.0	0.0	-78.0	-78.0	72.9	79.0	73	-6.307649	4.4648376	-0.032436438	-26.2477	-6.3075185	4.464777	-0.027980871	-25.566929	-3.057851	1.3290578	1.4784431	-10.946371	5.7600603	0.6535082	79999.81797170639
113	-78.5	23.204525	-32.0	-100.0	0.6333333	0.0	0.0	-18.0	0.0	-18.0	-18.0	78.13333	19.0	50	-6.3304024	4.4719143	-0.032565203	-25.853157	-6.330667	4.47173	0.0021054596	-26.324755	-3.0422277	1.332098	1.5776076	-11.501576	5.7822223	0.6531631	80628.84091854095
114	-82.566666	22.162556	-30.0	-100.0	0.46666667	0.06666667	0.0	-52.0	0.0	-52.0	-52.0	82.03333	53.0	99	-6.3248563	4.469374	-0.05634524	-25.70606	-6.3248158	4.470233	-0.0055754185	-25.255486	-3.0634484	1.3208456	1.6010113	-11.708378	5.7844114	0.65877897	81295.00322985649
115	-77.23333	24.52575	-8.0	-100.0	0.33333334	0.23333333	0.0	-100.0	0.0	-100.0	-100.0	76.566666	100.0	52	-6.324973	4.4782343	-0.012214273	-25.736107	-6.3249903	4.4782324	-0.008194968	-26.252632	-3.044301	1.3387482	1.5161123	-11.368462	5.781559	0.66682506	81934.45455241203
116	-77.63333	21.586235	-33.0	-100.0	0.6333333	0.0	0.0	-24.0	0.0	-24.0	-24.0	77.26667	25.0	99	-6.321633	4.4946938	-0.018835071	-26.622578	-6.3217187	4.4951305	-0.015128359	-25.922668	-3.0467277	1.3337574	1.972167	-11.190828	5.7794905	0.65700895	82559.4035859108
117	-88.03333	20.078983	-32.0	-100.0	0.36666667	0.06666667	0.0	-8.0	0.0	-8.0	-8.0	87.4	8.0	99	-6.339055	4.499586	-0.030303076	-26.672121	-6.3389287	4.500358	-0.015347533	-26.116945	-3.0645344	1.3225367	1.5203953	-12.709258	5.7977614	0.661856	83249.59859848022
118	-79.13333	23.522661	-35.0	-100.0	0.43333334	0.06666667	0.0	-27.0	0.0	-27.0	-27.0	78.566666	28.0	66	-6.3151994	4.4895	-0.026515536	-25.999712	-6.315291	4.489216	-0.025732443	-26.226336	-3.064862	1.325813	1.4730048	-12.150638	5.774838	0.6646054	83883.33502340317
119	-78.1	18.758732	-44.0	-100.0	0.6666667	0.06666667	0.0	-100.0	0.0	-100.0	-100.0	77.76667	100.0	99	-6.3472605	4.487173	-0.010670178	-25.838203	-6.3473496	4.4868956	-0.029493608	-26.224802	-3.0700972	1.3223836	1.5771565	-11.120665	5.8111877	0.67684424	84529.58905553818
120	-85.13333	21.187626	-33.0	-100.0	0.4	0.06666667	0.0	-100.0	0.0	-100.0	-100.0	84.53333	100.0	89	-6.345036	4.4842443	-0.026926734	-25.231667	-6.345492	4.4841213	-0.028318621	-25.728241	-3.098781	1.3089142	1.402914	-12.144733	5.8151865	0.68350375	85223.16687893867
121	-81.46667	24.014904	-8.0	-100.0	0.5	0.06666667	0.0	-100.0	0.0	-100.0	-100.0	80.96667	100.0	78	-6.349746	4.4705157	-0.015201777	-25.660963	-6.3491488	4.471111	-0.027277783	-26.058651	-3.0852156	1.3100008	1.2568688	-12.217048	5.8156443	0.6789677	85889.86179184914
122	-80.666664	21.451239	-40.0	-100.0	0.46666667	0.1	0.0	-29.0	0.0	-29.0	-29.0	80.13333	30.0	47	-6.354018	4.4822297	-0.020107329	-25.558485	-6.354095	4.4829197	-0.026918516	-26.094696	-3.068443	1.3304707	1.4071641	-13.399536	5.823402	0.6898822	86537.34397387505
123	-80.63333	23.873953	-17.0	-100.0	0.4	0.1	0.0	-48.0	0.0	-48.0	-48.0	80.03333	49.0	54	-6.3910728	4.4970527	-0.022442117	-26.326324	-6.39119	4.497163	-0.026977897	-25.987312	-3.0742307	1.3218771	1.6870723	-13.206586	5.852881	0.6790239	87187.02422237396
124	-85.7	17.754154	-50.0	-100.0	0.43333334	0.06666667	0.0	-44.0	0.0	-44.0	-44.0	85.13333	45.0	99	-6.402637	4.504849	-0.011635244	-26.475885	-6.4028	4.505014	-0.014001004	-27.417187	-3.0629869	1.3297656	1.4928985	-13.590894	5.8674693	0.6823564	87870.15398740768
125	-85.23333	17.927044	-43.0	-100.0	0.4	0.033333335	0.0	-100.0	0.0	-100.0	-100.0	84.63333	100.0	76	-6.4249864	4.5387325	-0.01780045	-26.640287	-6.4251165	4.5389814	-0.020325243	-25.955719	-3.0277607	1.3449655	1.5863395	-11.44379	5.8882146	0.6744532	88564.68559646606
126	-76.8	19.84339	-37.0	-100.0	0.56666666	0.13333334	0.0	-100.0	0.0	-100.0	-100.0	76.36667	100.0	89	-6.4617586	4.541221	-0.012202084	-26.170574	-6.4617596	4.541439	-0.016120084	-25.905846	-3.0770993	1.3210162	1.3116789	-13.316202	5.9267564	0.6779204	89200.80527591705
127	-72.46667	25.448946	-9.0	-100.0	0.6666667	0.06666667	0.0	-26.0	0.0	-26.0	-26.0	72.13333	27.0	99	-6.44679	4.5342054	-0.015080966	-26.361134	-6.44697	4.534633	0.00024674833	-26.120373	-3.0440173	1.3429	1.6327753	-11.875005	5.9121246	0.68058735	89789.80136108398
128	-80.86667	20.326883	-42.0	-100.0	0.5	0.1	0.0	-29.0	0.0	-29.0	-29.0	80.36667	30.0	99	-6.463114	4.548458	-0.0031362548	-25.383335	-6.4630694	4.5489297	0.010384269	-25.77095	-3.030779	1.3559482	1.9705524	-12.30164	5.922579	0.67992526	90436.33446145058
129	-76.9	22.305979	-32.0	-100.0	0.6333333	0.0	0.0	-25.0	0.0	-25.0	-25.0	76.53333	26.0	74	-6.442152	4.545261	-0.024805896	-25.507683	-6.4420915	4.5455785	0.011591859	-25.360386	-3.012254	1.3624345	1.8079772	-11.758023	5.90242	0.66982174	91055.29347681999
130	-74.666664	27.876314	-8.0	-100.0	0.53333336	0.06666667	0.0	-19.0	0.0	-19.0	-19.0	74.2	20.0	83	-6.4779663	4.562274	-0.009698287	-26.427658	-6.47802	4.561839	0.00923796	-26.333035	-3.04506	1.3409785	1.7544467	-11.075773	5.9487205	0.68570817	91657.74787950516
131	-76.03333	24.359097	-24.0	-100.0	0.56666666	0.06666667	0.0	-24.0	0.0	-24.0	-24.0	75.6	25.0	51	-6.4779544	4.5437193	-0.021607257	-25.84254	-6.4779263	4.5430274	-0.000310719	-25.76271	-3.0594072	1.3409833	1.670814	-11.728533	5.945814	0.702536	92271.341735363
132	-79.333336	20.688698	-39.0	-100.0	0.53333336	0.1	0.0	-100.0	0.0	-100.0	-100.0	78.86667	100.0	45	-6.4881716	4.5615377	-0.032904156	-26.46218	-6.488293	4.5619802	-0.001197286	-26.368378	-3.0385306	1.3456231	1.9995484	-12.249292	5.95232	0.69020945	92923.63026094437
133	-77.86667	23.580688	-18.0	-100.0	0.43333334	0.1	0.0	-45.0	0.0	-45.0	-45.0	77.3	46.0	91	-6.490671	4.555047	-0.0109981	-25.823376	-6.4909105	4.55534	0.0075312555	-25.715622	-3.0199952	1.3586328	1.8683505	-11.725498	5.9565024	0.6855418	93553.6279425621
134	-72.96667	27.442646	-9.0	-100.0	0.43333334	0.13333334	0.0	-94.0	0.0	-94.0	-94.0	72.4	95.0	8	-6.5165505	4.550944	-0.0045566782	-25.93584	-6.516412	4.551332	-0.006643176	-25.573456	-3.0707579	1.3319833	1.6011333	-10.971571	5.9866714	0.7010986	94159.69258618355
135	-74.566666	23.812721	-30.0	-100.0	0.53333336	0.23333333	0.0	-29.0	0.0	-29.0	-29.0	74.1	30.0	64	-6.5065265	4.544458	-0.023617499	-26.277983	-6.506477	4.5441217	0.034353428	-26.272636	-3.029059	1.3502647	1.5525515	-13.989534	5.9784636	0.69783956	94764.087890625
136	-75.26667	25.803015	-8.0	-100.0	0.56666666	0.06666667	0.0	-86.0	0.0	-86.0	-86.0	74.833336	87.0	60	-6.501296	4.557936	-0.0052764267	-25.253157	-6.5012894	4.558608	0.022045337	-25.582401	-3.0287328	1.3578676	1.5888822	-12.724556	5.9734325	0.6976871	95386.2998957634
137	-76.5	20.241459	-36.0	-100.0	0.7	0.06666667	0.0	-19.0	0.0	-19.0	-19.0	76.2	20.0	35	-6.5287004	4.5826106	-0.005867392	-25.451952	-6.528452	4.5821743	-0.0032052398	-25.598362	-3.0453618	1.3504499	1.5083113	-11.019916	5.9956098	0.69011337	96001.56564259529
138	-74.0	26.967882	-8.0	-100.0	0.46666667	0.16666667	0.033333335	-22.0	0.0	-22.0	-22.0	73.46667	22.0	61	-6.5243053	4.581705	-0.0035782084	-25.396294	-6.524435	4.58246	-0.002211295	-25.126337	-3.059875	1.3480905	1.8281927	-12.371493	5.9911523	0.68550545	96597.36282896996
139	-79.2	23.483896	-29.0	-100.0	0.4	0.1	0.0	-33.0	0.0	-33.0	-33.0	78.6	34.0	57	-6.522797	4.582089	-0.0057048053	-25.117601	-6.522675	4.5828247	0.011953346	-25.348965	-3.0163984	1.3673074	1.7202084	-12.583355	5.99069	0.68798524	97232.8988544941
140	-79.46667	20.275986	-35.0	-100.0	0.5	0.1	0.0	-100.0	0.0	-100.0	-100.0	78.96667	100.0	99	-6.529543	4.5902405	0.0023067743	-26.257507	-6.5298824	4.5896916	0.012831926	-26.792564	-3.029017	1.3501663	2.2057834	-12.214505	5.998659	0.675942	97886.74379062653
141	-74.13333	24.120161	-24.0	-100.0	0.53333336	0.2	0.0	-100.0	0.0	-100.0	-100.0	73.666664	100.0	81	-6.5355253	4.5950756	0.012588471	-26.440416	-6.5354905	4.594665	0.016299002	-25.885534	-3.0277379	1.3533953	1.7279828	-11.490084	6.00287	0.68640596	98526.69726490974
142	-81.333336	21.805708	-33.0	-100.0	0.43333334	0.06666667	0.0	-85.0	0.0	-85.0	-85.0	80.76667	85.0	51	-6.525001	4.5795493	-0.01688525	-25.56727	-6.5253615	4.5797696	0.008331485	-25.332449	-3.0427454	1.3416364	1.8601494	-11.881889	6.0010333	0.6822799	99189.07411026955
143	-72.066666	27.320238	-13.0	-100.0	0.6333333	0.033333335	0.0	-83.0	0.0	-83.0	-83.0	71.7	84.0	50	-6.5567665	4.5909843	-0.01386445	-26.416794	-6.556635	4.5917163	0.0029808357	-26.955503	-3.0628588	1.3403971	1.5970004	-10.836828	6.0310993	0.6822524	99788.61533594131
144	-74.36667	23.039797	-29.0	-100.0	0.6666667	0.0	0.0	-95.0	0.0	-95.0	-95.0	74.03333	96.0	43	-6.547545	4.589469	-0.016786806	-25.312677	-6.547443	4.5892534	0.016964644	-25.78346	-3.0022256	1.3700463	2.0016046	-14.56316	6.016337	0.68667835	100407.93848752975
145	-76.066666	24.73046	-30.0	-100.0	0.6	0.033333335	0.0	-39.0	0.0	-39.0	-39.0	75.666664	39.0	99	-6.559361	4.5865436	-0.010239154	-25.934563	-6.559242	4.5874887	0.014855489	-25.898682	-3.0299883	1.3591286	2.0197814	-11.011305	6.028567	0.68005383	101022.60050749779
146	-73.23333	22.919691	-29.0	-100.0	0.6666667	0.13333334	0.0	-23.0	0.0	-23.0	-23.0	72.9	24.0	93	-6.566516	4.6145372	0.015970878	-27.191223	-6.5665646	4.6147957	0.053950965	-27.32183	-3.0151658	1.3710921	2.1939554	-12.074978	6.0300527	0.6699226	101618.69682908058
147	-76.76667	23.71031	-31.0	-100.0	0.6333333	0.0	0.0	-19.0	0.0	-19.0	-19.0	76.4	20.0	83	-6.5592546	4.602941	-0.0047487766	-26.449951	-6.5594196	4.6033635	0.019930594	-27.637327	-3.0537655	1.3438616	1.4380465	-13.838824	6.034762	0.6943692	102236.17849636078
148	-70.6	24.124123	-8.0	-100.0	0.56666666	0.2	0.033333335	-100.0	0.0	-100.0	-100.0	70.166664	100.0	57	-6.558757	4.5872912	0.0019469857	-25.472042	-6.55873	4.5872755	0.0050870776	-25.815586	-3.0022094	1.3839507	1.9409671	-11.417879	6.0265427	0.685991	102827.94431519508
149	-78.03333	23.35877	-36.0	-100.0	0.5	0.06666667	0.0	-37.0	0.0	-37.0	-37.0	77.53333	38.0	46	-6.54944	4.5918345	0.01571384	-26.996008	-6.549243	4.591418	0.020185739	-27.524405	-3.0176492	1.376257	2.0206447	-12.376466	6.021171	0.683063	103456.837225914
150	-78.933334	17.695448	-45.0	-100.0	0.7	0.033333335	0.0	-19.0	0.0	-19.0	-19.0	78.63333	20.0	99	-6.5729923	4.616343	-0.0025522113	-25.985928	-6.5730844	4.6166396	0.017425671	-26.16465	-3.0360155	1.3522581	1.6365049	-14.355988	6.0473285	0.69148546	104090.89415121078
151	-73.166664	23.894327	-7.0	-100.0	0.6	0.13333334	0.0	-52.0	0.0	-52.0	-52.0	72.76667	53.0	69	-6.565266	4.599593	0.02289012	-26.148455	-6.565541	4.5996532	0.030203857	-26.327599	-3.032717	1.3592006	1.7679739	-11.270791	6.0360723	0.6797566	104688.39229369164
152	-77.76667	21.757275	-25.0	-100.0	0.46666667	0.13333334	0.0	-21.0	0.0	-21.0	-21.0	77.23333	22.0	56	-6.5634937	4.6138134	-0.009735711	-26.09373	-6.563489	4.6140404	0.035297357	-26.377634	-3.0086567	1.3734752	1.9771867	-12.043434	6.039179	0.68505776	105314.10620641708
153	-80.13333	24.45504	-32.0	-100.0	0.43333334	0.033333335	0.0	-21.0	0.0	-21.0	-21.0	79.566666	22.0	99	-6.5887337	4.6056767	-0.009114943	-27.221657	-6.5885296	4.6058245	0.043930575	-27.475286	-3.0185344	1.373595	2.0483994	-12.032978	6.0594378	0.68340075	105953.61133909225
154	-73.03333	24.524117	-35.0	-100.0	0.7	0.0	0.0	-17.0	0.0	-17.0	-17.0	72.73333	18.0	45	-6.5835037	4.621789	0.008113146	-26.217392	-6.5835185	4.6215453	0.035427496	-26.713652	-3.0194302	1.3684136	2.644644	-12.317578	6.058361	0.6760556	106543.98576712608
155	-76.066666	20.872524	-37.0	-100.0	0.6	0.06666667	0.0	-100.0	0.0	-100.0	-100.0	75.666664	100.0	99	-6.600642	4.6206603	0.0235968	-26.98661	-6.6009617	4.6202235	0.06703362	-26.707603	-3.0165992	1.3695353	1.8967597	-12.474878	6.074321	0.67587435	107173.10076379776
156	-77.4	22.304857	-40.0	-100.0	0.6	0.06666667	0.0	-29.0	0.0	-29.0	-29.0	77.0	30.0	84	-6.605166	4.6022277	0.0117080435	-27.298506	-6.6050134	4.603049	0.004505664	-27.32984	-3.0085576	1.3784446	2.172658	-12.250875	6.0820518	0.6909521	107798.10629987717
157	-73.73333	21.27586	-10.0	-100.0	0.6666667	0.1	0.0	-47.0	0.0	-47.0	-47.0	73.4	48.0	99	-6.6239896	4.6110435	0.013303466	-26.967405	-6.6238346	4.6108875	0.017266154	-27.28973	-3.037071	1.3597993	1.9208345	-12.573005	6.099326	0.6949423	108400.6936545372
158	-82.73333	20.75722	-41.0	-100.0	0.36666667	0.16666667	0.0	-29.0	0.0	-29.0	-29.0	82.1	30.0	99	-6.6303945	4.611778	-0.0053481534	-27.512672	-6.630223	4.611661	0.021212488	-26.693754	-3.0321913	1.3653027	2.0133777	-11.003631	6.1055145	0.69279534	109061.57449316978
159	-67.9	22.771841	-8.0	-100.0	0.6666667	0.13333334	0.0	-17.0	0.0	-17.0	-17.0	67.566666	18.0	87	-6.6236615	4.6239038	0.04012344	-26.556883	-6.623835	4.6239533	0.038303018	-26.724138	-3.0468872	1.3521972	1.755259	-11.835979	6.098978	0.6958897	109614.93642187119
160	-80.066666	20.20715	-43.0	-100.0	0.53333336	0.033333335	0.0	-12.0	0.0	-12.0	-12.0	79.6	13.0	67	-6.643203	4.6455965	0.022343636	-26.545069	-6.6433434	4.6460915	0.025717646	-27.636105	-3.0261195	1.367776	1.8605309	-10.82847	6.123071	0.7022224	110253.86640167236
161	-85.433334	21.184402	-10.0	-100.0	0.46666667	0.033333335	0.0	-19.0	0.0	-19.0	-19.0	84.9	20.0	71	-6.660869	4.637744	0.0066607893	-25.710451	-6.6610637	4.637433	0.04994768	-25.606062	-3.0142276	1.3678848	1.8888094	-12.1823	6.1395483	0.69237345	110929.08121347427
162	-80.1	19.074152	-46.0	-100.0	0.53333336	0.06666667	0.033333335	-18.0	0.0	-18.0	-18.0	79.63333	19.0	99	-6.662128	4.6385083	0.008870363	-26.42232	-6.6620255	4.6389036	0.023598954	-26.827808	-3.0081394	1.3908734	1.7366376	-12.758046	6.1386766	0.70533043	111568.17360329628
163	-80.566666	23.214483	-25.0	-100.0	0.46666667	0.1	0.0	-62.0	0.0	-62.0	-62.0	80.03333	62.0	93	-6.682386	4.653422	0.027303934	-26.34007	-6.682509	4.6531754	0.06494267	-26.934244	-3.0408914	1.3573458	2.3444972	-12.078491	6.1612306	0.6908004	112220.85476613045
164	-74.9	22.056519	-37.0	-100.0	0.56666666	0.1	0.0	-21.0	0.0	-21.0	-21.0	74.46667	22.0	99	-6.6875935	4.6575203	0.0462126	-26.999065	-6.687615	4.6581054	0.047686696	-27.05751	-3.00991	1.3861744	2.4572353	-15.236158	6.1630826	0.6860905	112824.87487053871
165	-73.3	21.14261	-38.0	-100.0	0.6666667	0.033333335	0.0	-10.0	0.0	-10.0	-10.0	72.96667	10.0	99	-6.673563	4.6560235	0.053638503	-28.380688	-6.673488	4.65602	0.06224081	-28.00549	-3.010708	1.3755645	1.9676311	-11.550896	6.1460915	0.6868361	113417.1674823761
166	-76.9	26.554785	-25.0	-100.0	0.5	0.033333335	0.0	-69.0	0.0	-69.0	-69.0	76.4	70.0	99	-6.7139463	4.6759305	0.054966807	-26.861132	-6.714234	4.675729	0.06712918	-26.605774	-3.0271695	1.3696452	2.5406878	-12.965215	6.19242	0.70721304	114046.10103368759
167	-83.566666	19.957762	-40.0	-100.0	0.5	0.0	0.0	-19.0	0.0	-19.0	-19.0	83.066666	20.0	99	-6.7186117	4.67158	0.036044613	-26.70055	-6.718558	4.672074	0.07300159	-26.775246	-3.0063498	1.3775456	2.2585123	-10.711073	6.1957912	0.68580866	114711.57418632507
168	-78.8	22.654507	-13.0	-100.0	0.6333333	0.06666667	0.0	-51.0	0.0	-51.0	-51.0	78.433334	52.0	74	-6.6844735	4.657834	0.02564086	-26.66496	-6.6846085	4.6583295	0.020872727	-26.453733	-2.9920967	1.393924	1.8592997	-10.798761	6.1600246	0.6949166	115354.48087501526
169	-84.23333	16.554321	-44.0	-100.0	0.56666666	0.033333335	0.0	-22.0	0.0	-22.0	-22.0	83.8	23.0	79	-6.7217145	4.6861506	0.00572975	-26.833275	-6.721278	4.6870027	0.03268121	-27.023348	-2.9979365	1.394534	2.0574718	-12.626175	6.2037325	0.7021156	116024.37251186371
170	-74.833336	22.125526	-13.0	-100.0	0.73333335	0.06666667	0.0	-18.0	0.0	-18.0	-18.0	74.566666	19.0	99	-6.702074	4.6778507	0.023115158	-26.294342	-6.70224	4.677936	0.016846806	-26.47587	-3.0140045	1.3788236	1.9519868	-14.884565	6.1815715	0.70280254	116629.6377696991
171	-78.3	22.212833	-23.0	-100.0	0.6666667	0.033333335	0.0	-50.0	0.0	-50.0	-50.0	77.96667	51.0	85	-6.734389	4.685161	0.0330943	-26.442965	-6.734407	4.68506	0.040826455	-26.206593	-3.0412276	1.3632672	1.6370025	-12.528328	6.216289	0.7124923	117265.75678992271
172	-74.86667	24.69242	-25.0	-100.0	0.6333333	0.06666667	0.033333335	-22.0	0.0	-22.0	-22.0	74.5	23.0	99	-6.751405	4.677299	0.052936435	-26.44796	-6.7514176	4.676987	0.049734935	-26.497665	-2.9996867	1.3905156	2.057949	-12.084474	6.228404	0.7053248	117869.62828993797
173	-80.36667	22.423922	-24.0	-100.0	0.5	0.06666667	0.0	-20.0	0.0	-20.0	-20.0	79.86667	21.0	54	-6.7420435	4.7081256	0.029274002	-25.992647	-6.7419543	4.7086687	0.061413437	-26.772554	-3.0010712	1.3839457	1.928452	-12.26573	6.2207284	0.71519625	118514.3675839901
174	-80.26667	22.749262	-39.0	-100.0	0.46666667	0.16666667	0.0	-18.0	0.0	-18.0	-18.0	79.73333	19.0	51	-6.755613	4.713676	0.023761392	-26.577751	-6.755557	4.713751	0.14542605	-26.322384	-2.9836893	1.3999047	2.3314483	-13.016189	6.2302322	0.6799568	119153.22032499313
175	-71.4	28.366177	-8.0	-100.0	0.6	0.1	0.0	-71.0	0.0	-71.0	-71.0	71.0	72.0	99	-6.7791185	4.7264767	0.021892712	-26.586351	-6.779053	4.7266083	0.062373474	-26.391369	-3.0124576	1.3864864	2.150352	-14.1257	6.2618637	0.7013697	119744.41304087639
176	-81.13333	24.90346	-8.0	-100.0	0.5	0.06666667	0.0	-17.0	0.0	-17.0	-17.0	80.63333	18.0	99	-6.7909317	4.703676	0.04228197	-26.362343	-6.7908654	4.7044544	0.06792241	-26.229559	-3.0300279	1.365458	2.0627408	-11.853471	6.275553	0.71811414	120391.11053943634
177	-78.6	18.810637	-43.0	-100.0	0.6666667	0.06666667	0.0	-21.0	0.0	-21.0	-21.0	78.26667	22.0	72	-6.784712	4.7040763	0.057123363	-27.28353	-6.784517	4.7041574	0.049001962	-26.634644	-3.0382454	1.3656493	2.0481558	-10.564437	6.2670984	0.7114911	121021.96235656738
178	-80.066666	22.870552	-41.0	-100.0	0.53333336	0.033333335	0.0	-10.0	0.0	-10.0	-10.0	79.6	11.0	69	-6.773243	4.7245784	0.049429864	-26.60247	-6.773318	4.724761	0.067195415	-26.468674	-2.9801	1.4082478	1.994761	-11.607937	6.248723	0.7044368	121661.12824630737
179	-71.0	28.10694	-7.0	-100.0	0.6	0.13333334	0.0	-47.0	0.0	-47.0	-47.0	70.6	48.0	83	-6.7855577	4.737133	0.046619937	-26.478231	-6.7852592	4.737362	0.045748293	-26.625381	-3.0051608	1.3868566	2.0148435	-12.160309	6.2629385	0.6969458	122243.06764388084
180	-75.63333	20.13038	-45.0	-100.0	0.6	0.06666667	0.0	-100.0	0.0	-100.0	-100.0	75.23333	100.0	45	-6.7728353	4.7382493	0.06377034	-26.78604	-6.7730756	4.737599	0.08070053	-26.403128	-3.0144277	1.382259	2.43796	-12.461594	6.2519183	0.7017578	122872.42286467552
181	-77.96667	21.600128	-37.0	-100.0	0.53333336	0.1	0.0	-26.0	0.0	-26.0	-26.0	77.5	27.0	99	-6.7631664	4.745402	0.03651665	-27.001186	-6.7632256	4.7456784	0.057700127	-26.815788	-2.9781332	1.3983351	2.059751	-12.600497	6.2429304	0.69973534	123499.76360464096
182	-79.73333	22.123795	-24.0	-100.0	0.6	0.033333335	0.0	-42.0	0.0	-42.0	-42.0	79.333336	43.0	99	-6.7964478	4.748268	0.082617626	-26.48105	-6.796606	4.7479877	0.08533348	-26.021793	-3.0181046	1.3841274	2.1085663	-13.688648	6.2755275	0.69033647	124143.04966068268
183	-77.166664	22.524183	-35.0	-100.0	0.53333336	0.06666667	0.0	-16.0	0.0	-16.0	-16.0	76.7	17.0	99	-6.80399	4.73543	0.107233405	-26.605682	-6.803769	4.7361455	0.06873681	-26.442625	-3.0095289	1.3861499	2.560494	-11.8565235	6.2849355	0.6977303	124760.92148208618
184	-71.0	24.649544	-33.0	-100.0	0.53333336	0.13333334	0.0	-19.0	0.0	-19.0	-19.0	70.53333	20.0	99	-6.808669	4.7480316	0.07270962	-27.311663	-6.808825	4.748294	0.05381836	-27.264418	-3.0066035	1.3901393	1.8843107	-10.911948	6.289863	0.7214432	125336.77672457695
185	-79.73333	23.319426	-36.0	-100.0	0.46666667	0.06666667	0.0	-23.0	0.0	-23.0	-23.0	79.2	24.0	53	-6.8381753	4.770676	0.04954557	-27.344568	-6.838054	4.7709665	0.09830661	-27.590073	-3.0027304	1.3967171	2.358357	-11.420511	6.315394	0.7043965	125974.39091277122
186	-74.566666	20.037771	-40.0	-100.0	0.6666667	0.033333335	0.0	-12.0	0.0	-12.0	-12.0	74.23333	13.0	99	-6.811576	4.7549715	0.048565626	-27.1662	-6.8121243	4.7544637	0.049438044	-27.008835	-3.0087683	1.3917848	2.277014	-13.164625	6.2918596	0.70664024	126576.78380227089
187	-78.166664	25.270649	-8.0	-100.0	0.56666666	0.06666667	0.033333335	-19.0	0.0	-19.0	-19.0	77.73333	20.0	99	-6.8016	4.7378235	0.11825594	-26.586851	-6.801054	4.7386675	0.07458241	-26.460945	-3.0315392	1.3661906	2.0405755	-12.783872	6.2812047	0.70636714	127202.26274561882
188	-77.333336	21.46211	-21.0	-100.0	0.6333333	0.06666667	0.0	-100.0	0.0	-100.0	-100.0	76.96667	100.0	76	-6.836192	4.782555	0.058788612	-26.944334	-6.836132	4.7824197	0.08430681	-26.183537	-2.9695065	1.4166534	2.4092205	-14.125346	6.313158	0.6909352	127842.82295894623
189	-73.73333	24.307657	-29.0	-100.0	0.56666666	0.1	0.0	-12.0	0.0	-12.0	-12.0	73.3	13.0	99	-6.8461432	4.7569847	0.05186504	-27.052866	-6.846346	4.757005	0.046598703	-26.797188	-3.0004694	1.3951328	2.0226157	-12.696736	6.326736	0.709909	128436.76540660858
190	-62.633335	25.140251	-7.0	-100.0	0.73333335	0.06666667	0.0	-54.0	0.0	-54.0	-54.0	62.366665	54.0	90	-6.860401	4.742611	0.07108179	-26.655878	-6.8604093	4.7427497	0.034059495	-26.058561	-2.9646142	1.4195064	2.0623124	-12.003379	6.3359904	0.71424735	128963.138058424
191	-71.13333	23.541077	-19.0	-100.0	0.53333336	0.16666667	0.0	-24.0	0.0	-24.0	-24.0	70.666664	25.0	55	-6.8377457	4.7606	0.06692083	-26.906733	-6.837526	4.7611966	0.094809726	-26.916773	-2.9958575	1.4036578	2.456625	-10.918211	6.322034	0.71350026	129542.36415028572
192	-78.63333	23.468395	-33.0	-100.0	0.5	0.13333334	0.0	-17.0	0.0	-17.0	-17.0	78.13333	18.0	73	-6.8455257	4.782564	0.055350438	-27.143097	-6.8456907	4.782065	0.09028475	-26.924053	-2.9729612	1.4159849	2.440312	-11.97735	6.32215	0.70265734	130170.41641545296
193	-75.433334	25.460665	-27.0	-100.0	0.6	0.0	0.0	-15.0	0.0	-15.0	-15.0	75.03333	16.0	99	-6.873772	4.771368	0.07022871	-27.482277	-6.8740764	4.7710557	0.082253695	-27.159851	-3.0005991	1.3989099	2.0977426	-14.055523	6.3602095	0.7140814	130777.61963677406
194	-70.46667	23.95097	-27.0	-100.0	0.8	0.033333335	0.0	-18.0	0.0	-18.0	-18.0	70.26667	19.0	99	-6.864829	4.8123846	0.063526794	-27.30269	-6.8651304	4.8122277	0.059404254	-27.23039	-2.9597359	1.4231095	2.2026403	-13.146515	6.3419223	0.70059276	131351.6068291664
195	-80.23333	22.150522	-33.0	-100.0	0.46666667	0.13333334	0.0	-45.0	0.0	-45.0	-45.0	79.7	46.0	53	-6.870343	4.815794	0.042740673	-27.537254	-6.870244	4.815559	0.05745077	-27.413876	-2.9997566	1.3945836	2.2855392	-12.527223	6.3499103	0.6911172	132001.25276446342
196	-70.333336	24.173449	-9.0	-100.0	0.6333333	0.13333334	0.0	-21.0	0.0	-21.0	-21.0	69.96667	22.0	83	-6.843732	4.80789	0.116521746	-27.329147	-6.843712	4.808368	0.043774202	-27.338205	-2.9849665	1.4074717	2.3057246	-12.225865	6.323191	0.7088243	132572.40759825706
197	-71.53333	24.974298	-13.0	-100.0	0.76666665	0.06666667	0.0	-19.0	0.0	-19.0	-19.0	71.3	20.0	50	-6.8319554	4.7768974	0.113033205	-26.984692	-6.832457	4.776129	0.107497096	-27.629593	-2.9608238	1.4265453	2.9328208	-11.656172	6.309899	0.68481356	133155.4554207325
198	-73.1	25.401245	-23.0	-100.0	0.6666667	0.0	0.0	-100.0	0.0	-100.0	-100.0	72.76667	100.0	99	-6.8614545	4.7979994	0.07377052	-27.016153	-6.8612046	4.79862	0.06860262	-27.131903	-2.9768434	1.4258921	2.196847	-11.789314	6.3374114	0.6936739	133767.46786737442
199	-67.833336	25.03076	-28.0	-100.0	0.73333335	0.033333335	0.0	-67.0	0.0	-67.0	-67.0	67.566666	67.0	43	-6.843187	4.764687	0.07101004	-27.052551	-6.8431935	4.765023	0.068368256	-27.131197	-3.0213318	1.3848736	3.0826454	-13.403605	6.324735	0.70599836	134334.77603793144
